18_07_18_Si_2.49kV_CF1_32'150_25cm_2m_3.5kHz__CF2_18'20_24cm_5m_13kHz_MCA_13cps_000 2
0.006185
2
0.3
        26
        34
        43
        45
        30
        35
        51
        41
        39
        45
        45
        41
        52
        33
        43
        39
        28
        44
        37
        39
        52
        42
        51
        54
        43
        37
        44
        51
        44
        35
        48
        45
        32
        43
        55
        42
        33
        30
        46
        47
        42
        39
        53
        48
        41
        55
        38
        35
        34
        36
        45
        41
        38
        35
        43
        45
        29
        38
        41
        42
        49
        36
        31
        40
        26
        52
        42
        62
        30
        48
        35
        40
        52
        37
        51
        43
        28
        43
        42
        66
        42
        38
        48
        43
        51
        38
        48
        51
        56
        34
        44
        40
        47
        39
        36
        44
        41
        60
        42
        42
        36
        46
        45
        47
        40
        60
        40
        35
        43
        43
        32
        25
        27
        36
        45
        41
        45
        30
        56
        38
        44
        35
        37
        31
        42
        44
        52
        50
        41
        45
        41
        49
        33
        41
        39
        48
        51
        35
        52
        42
        40
        35
        48
        40
        40
        34
        48
        57
        49
        43
        59
        57
        46
        37
        34
        53
        46
        54
        52
        45
        49
        38
        46
        44
        41
        49
        36
        45
        40
        45
        44
        45
        45
        41
        41
        49
        45
        52
        55
        46
        44
        47
        46
        35
        47
        39
        40
        46
        41
        40
        42
        33
        48
        44
        33
        45
        54
        50
        47
        43
        41
        52
        45
        48
        40
        38
        51
        43
        32
        40
        45
        48
        37
        38
        46
        52
        52
        36
        38
        39
        43
        41
        55
        37
        37
        41
        48
        44
        34
        47
        48
        41
        37
        47
        26
        42
        33
        35
        53
        45
        35
        31
        38
        44
        49
        47
        47
        34
        33
        40
        32
        40
        36
        43
        38
        41
        47
        46
        40
        38
        43
        37
        39
        33
        40
        57
        39
        41
        36
        37
        28
        38
        42
        45
        52
        34
        37
        37
        43
        41
        44
        35
        49
        59
        39
        48
        37
        45
        48
        40
        40
        49
        43
        41
        44
        57
        45
        57
        36
        41
        42
        51
        40
        39
        31
        52
        43
        56
        50
        42
        44
        50
        37
        65
        37
        38
        43
        40
        37
        41
        52
        43
        31
        33
        43
        55
        35
        53
        48
        39
        42
        38
        47
        48
        38
        39
        29
        45
        31
        40
        40
        45
        38
        45
        35
        35
        44
        31
        40
        46
        43
        39
        43
        46
        35
        39
        51
        43
        45
        45
        37
        45
        47
        32
        43
        44
        36
        39
        40
        38
        48
        46
        42
        33
        43
        42
        47
        37
        51
        45
        51
        51
        36
        39
        38
        44
        41
        37
        38
        38
        41
        44
        45
        38
        41
        42
        41
        39
        46
        37
        53
        49
        38
        57
        42
        35
        35
        42
        49
        31
        38
        40
        33
        46
        52
        47
        41
        40
        45
        43
        39
        42
        43
        42
        41
        56
        37
        43
        47
        40
        40
        39
        33
        44
        30
        39
        51
        36
        52
        33
        43
        50
        57
        32
        33
        34
        38
        39
        37
        44
        41
        54
        53
        37
        46
        50
        46
        39
        40
        40
        39
        48
        43
        44
        30
        44
        36
        52
        36
        38
        50
        60
        38
        37
        34
        41
        46
        34
        49
        41
        38
        52
        38
        50
        38
        51
        45
        34
        34
        53
        55
        40
        32
        38
        41
        51
        33
        43
        35
        48
        39
        32
        45
        34
        41
        31
        38
        40
        49
        41
        48
        35
        37
        49
        40
        41
        20
        55
        41
        31
        43
        29
        38
        34
        47
        33
        38
        40
        39
        38
        27
        52
        47
        43
        38
        47
        42
        39
        38
        35
        48
        34
        34
        38
        50
        44
        39
        55
        42
        38
        27
        36
        41
        41
        33
        55
        37
        32
        41
        37
        25
        38
        50
        37
        37
        39
        46
        44
        36
        46
        48
        45
        38
        37
        47
        38
        30
        43
        49
        38
        35
        52
        45
        44
        56
        44
        42
        51
        45
        46
        47
        33
        53
        53
        41
        49
        51
        40
        40
        57
        39
        47
        45
        41
        45
        46
        35
        51
        42
        40
        41
        34
        38
        53
        49
        40
        44
        36
        53
        31
        35
        52
        44
        46
        52
        46
        42
        39
        41
        41
        40
        44
        42
        42
        34
        39
        37
        36
        36
        43
        46
        37
        42
        54
        45
        44
        45
        45
        42
        43
        42
        44
        36
        48
        45
        43
        41
        29
        45
        38
        43
        45
        45
        48
        41
        38
        34
        39
        44
        49
        42
        39
        42
        50
        37
        41
        37
        43
        41
        53
        50
        42
        42
        39
        42
        34
        34
        35
        44
        35
        41
        36
        47
        40
        43
        37
        56
        41
        50
        47
        36
        49
        45
        44
        48
        45
        37
        52
        57
        43
        50
        48
        61
        38
        42
        47
        46
        30
        41
        41
        42
        45
        45
        40
        42
        46
        47
        48
        47
        34
        54
        40
        46
        25
        52
        47
        34
        38
        41
        47
        38
        53
        40
        43
        49
        44
        46
        39
        42
        42
        44
        36
        37
        55
        44
        52
        41
        47
        53
        46
        53
        38
        55
        47
        45
        42
        50
        42
        38
        53
        55
        53
        31
        48
        42
        43
        41
        47
        49
        44
        46
        43
        47
        45
        53
        58
        53
        39
        50
        40
        56
        47
        52
        41
        41
        45
        47
        43
        43
        46
        52
        44
        44
        52
        50
        42
        59
        70
        52
        47
        62
        49
        61
        58
        40
        43
        55
        47
        65
        45
        57
        51
        49
        54
        55
        49
        39
        35
        58
        49
        58
        55
        45
        62
        48
        60
        63
        51
        61
        58
        56
        54
        57
        49
        58
        56
        64
        48
        51
        61
        66
        49
        51
        49
        67
        57
        49
        57
        53
        50
        45
        52
        54
        51
        66
        46
        65
        43
        61
        54
        49
        59
        50
        51
        48
        47
        46
        45
        57
        50
        48
        67
        47
        53
        48
        56
        43
        41
        50
        53
        42
        58
        52
        49
        44
        43
        52
        63
        35
        47
        39
        44
        57
        48
        42
        35
        47
        63
        43
        48
        43
        52
        41
        62
        46
        39
        43
        50
        55
        60
        50
        41
        46
        47
        42
        52
        50
        46
        54
        52
        40
        63
        48
        42
        45
        51
        58
        50
        46
        39
        46
        44
        39
        44
        52
        45
        57
        53
        61
        53
        44
        38
        42
        49
        45
        45
        50
        45
        36
        54
        38
        41
        47
        61
        46
        55
        44
        50
        36
        37
        43
        54
        54
        54
        48
        53
        54
        33
        49
        43
        48
        51
        44
        43
        43
        34
        43
        41
        35
        47
        51
        37
        42
        52
        44
        39
        47
        50
        52
        44
        44
        43
        37
        42
        48
        42
        52
        48
        47
        51
        45
        57
        47
        41
        38
        47
        41
        58
        47
        39
        46
        42
        41
        47
        43
        38
        48
        44
        50
        50
        48
        46
        46
        38
        43
        45
        44
        48
        46
        32
        46
        49
        46
        49
        59
        59
        42
        48
        58
        45
        47
        39
        48
        46
        42
        43
        36
        63
        45
        50
        44
        48
        52
        44
        53
        42
        58
        42
        49
        37
        46
        49
        53
        54
        45
        40
        43
        42
        38
        46
        48
        41
        50
        48
        49
        47
        45
        42
        38
        53
        64
        47
        51
        58
        45
        50
        59
        66
        53
        62
        43
        42
        57
        63
        61
        64
        63
        59
        58
        50
        63
        63
        69
        69
        71
        60
        70
        63
        73
        84
        87
        81
        108
        95
        105
        126
        98
        114
        111
        129
        142
        166
        155
        170
        191
        187
        209
        249
        285
        279
        306
        319
        342
        361
        433
        438
        460
        544
        628
        602
        675
        749
        774
        867
        941
        1013
        1134
        1196
        1274
        1395
        1494
        1635
        1726
        1903
        1962
        2225
        2326
        2514
        2664
        2926
        3072
        3186
        3414
        3765
        3992
        4185
        4463
        4654
        4968
        5228
        5556
        5873
        6286
        6528
        6885
        7340
        7646
        7900
        8402
        8681
        9004
        9140
        9963
        10282
        10556
        11042
        11385
        11591
        12166
        12455
        12990
        13396
        14090
        14373
        14429
        15017
        15209
        15681
        16223
        16338
        16655
        17097
        17373
        17577
        17973
        18261
        18632
        18756
        19051
        19046
        19195
        19610
        19673
        19730
        19806
        19924
        20172
        20086
        20022
        20301
        20125
        20385
        20404
        20225
        19971
        20258
        20094
        19768
        19590
        19812
        19575
        19503
        19176
        19002
        18933
        18551
        18411
        18305
        17880
        17637
        17655
        17329
        16959
        16721
        16635
        16103
        15864
        15663
        15264
        15104
        14985
        14790
        14275
        13925
        13965
        13560
        13247
        13086
        12762
        12373
        12336
        11897
        11706
        11486
        10976
        10922
        10818
        10456
        10089
        10013
        9720
        9403
        9245
        8884
        8699
        8685
        8439
        8329
        8014
        7871
        7587
        7599
        7276
        7093
        6913
        6773
        6533
        6406
        6335
        6131
        5928
        5867
        5611
        5690
        5354
        5226
        5112
        5035
        4847
        4770
        4646
        4561
        4484
        4314
        4126
        4177
        4111
        3818
        3777
        3694
        3607
        3501
        3500
        3394
        3301
        3195
        3104
        2962
        2960
        2828
        2850
        2673
        2729
        2671
        2452
        2435
        2411
        2369
        2357
        2285
        2210
        2126
        2139
        2028
        1940
        1947
        1960
        1903
        1796
        1823
        1758
        1692
        1591
        1595
        1633
        1494
        1483
        1437
        1426
        1367
        1381
        1345
        1283
        1289
        1211
        1205
        1181
        1163
        1103
        1166
        1063
        1030
        1008
        973
        927
        963
        915
        882
        835
        857
        853
        864
        783
        768
        793
        726
        708
        694
        699
        704
        677
        633
        653
        602
        603
        579
        604
        560
        559
        540
        534
        542
        522
        485
        445
        469
        460
        434
        465
        475
        459
        418
        393
        381
        428
        400
        417
        379
        344
        368
        348
        358
        320
        316
        332
        322
        309
        306
        316
        312
        290
        283
        276
        306
        299
        273
        285
        282
        243
        234
        256
        242
        238
        220
        233
        194
        215
        204
        214
        222
        213
        203
        204
        186
        210
        180
        160
        187
        181
        170
        164
        164
        175
        153
        175
        171
        140
        145
        151
        139
        165
        157
        139
        147
        129
        140
        111
        122
        119
        137
        114
        116
        116
        124
        131
        121
        111
        111
        123
        109
        112
        113
        130
        80
        115
        130
        112
        96
        103
        99
        93
        89
        83
        90
        87
        100
        97
        95
        97
        92
        103
        82
        97
        77
        84
        89
        92
        78
        75
        89
        82
        87
        85
        77
        70
        74
        70
        76
        72
        71
        75
        58
        79
        68
        68
        71
        68
        78
        64
        78
        76
        77
        57
        61
        67
        62
        76
        65
        56
        68
        56
        66
        65
        70
        68
        72
        57
        55
        56
        69
        63
        59
        55
        60
        67
        60
        65
        69
        70
        54
        60
        71
        59
        64
        56
        74
        60
        43
        46
        57
        79
        57
        44
        49
        66
        58
        54
        47
        46
        46
        49
        41
        52
        36
        61
        47
        44
        53
        57
        64
        56
        46
        42
        53
        53
        65
        42
        53
        53
        62
        53
        44
        57
        49
        61
        55
        51
        55
        51
        51
        54
        48
        58
        56
        38
        40
        48
        57
        37
        51
        44
        56
        51
        60
        41
        51
        40
        34
        54
        46
        51
        41
        49
        45
        47
        45
        58
        52
        37
        35
        49
        35
        40
        43
        36
        42
        49
        44
        49
        54
        54
        56
        49
        57
        45
        51
        36
        64
        52
        49
        37
        50
        43
        51
        42
        45
        43
        43
        51
        49
        44
        49
        43
        49
        37
        57
        41
        38
        47
        43
        43
        46
        48
        48
        35
        46
        48
        39
        50
        43
        38
        52
        41
        42
        47
        51
        33
        43
        36
        44
        37
        45
        54
        49
        43
        38
        53
        45
        37
        47
        22
        37
        49
        37
        44
        42
        43
        47
        45
        38
        41
        51
        46
        41
        52
        58
        52
        49
        38
        37
        50
        49
        42
        36
        33
        35
        34
        38
        43
        40
        43
        47
        39
        38
        49
        41
        45
        40
        45
        45
        39
        46
        40
        50
        36
        43
        37
        49
        34
        32
        47
        36
        44
        58
        44
        47
        36
        45
        52
        36
        41
        50
        52
        36
        37
        41
        49
        41
        40
        40
        52
        37
        44
        40
        37
        40
        54
        45
        37
        48
        45
        41
        41
        37
        42
        41
        52
        33
        42
        33
        41
        43
        34
        38
        35
        51
        43
        40
        46
        49
        44
        37
        43
        31
        40
        46
        33
        53
        51
        38
        36
        42
        57
        48
        40
        38
        42
        24
        43
        39
        46
        40
        60
        48
        47
        40
        43
        42
        34
        47
        41
        48
        49
        39
        39
        38
        39
        49
        38
        38
        38
        45
        48
        51
        43
        47
        62
        40
        36
        35
        32
        38
        34
        36
        40
        43
        43
        39
        34
        44
        44
        41
        45
        51
        38
        36
        41
        54
        42
        41
        50
        37
        50
        40
        45
        34
        35
        40
        40
        34
        45
        39
        41
        38
        45
        40
        42
        40
        45
        47
        35
        41
        39
        44
        39
        48
        32
        50
        42
        39
        41
        36
        34
        44
        42
        49
        45
        31
        32
        39
        37
        39
        41
        44
        38
        54
        45
        40
        33
        42
        41
        31
        51
        43
        50
        42
        39
        31
        32
        33
        54
        38
        40
        47
        48
        28
        37
        41
        33
        45
        43
        37
        43
        37
        46
        47
        39
        42
        41
        41
        48
        48
        31
        36
        50
        30
        44
        46
        35
        52
        37
        37
        37
        41
        41
        41
        39
        47
        40
        35
        52
        40
        33
        41
        37
        38
        27
        42
        44
        48
        42
        34
        47
        44
        45
        36
        35
        37
        34
        34
        28
        40
        49
        31
        40
        40
        40
        33
        34
        45
        44
        50
        49
        42
        43
        37
        37
        38
        33
        30
        47
        61
        45
        33
        43
        33
        32
        38
        44
        41
        54
        37
        45
        52
        39
        38
        44
        44
        47
        32
        42
        38
        38
        37
        36
        47
        34
        34
        51
        40
        37
        36
        42
        52
        35
        44
        46
        44
        43
        34
        37
        37
        59
        43
        31
        35
        40
        42
        48
        45
        43
        46
        37
        51
        38
        31
        46
        42
        46
        33
        41
        59
        54
        39
        44
        49
        40
        40
        43
        37
        49
        34
        46
        47
        36
        41
        36
        37
        46
        34
        37
        33
        41
        48
        40
        31
        34
        41
        52
        39
        42
        44
        48
        44
        46
        45
        33
        41
        38
        47
        40
        48
        35
        44
        48
        44
        35
        37
        51
        29
        35
        45
        45
        54
        43
        45
        46
        34
        39
        49
        46
        45
        40
        42
        42
        37
        34
        37
        41
        42
        37
        41
        41
        29
        36
        34
        47
        51
        40
        44
        48
        44
        34
        36
        43
        46
        34
        45
        44
        45
        40
        42
        37
        49
        31
        44
        50
        36
        43
        30
        41
        39
        59
        35
        46
        40
        44
        44
        35
        49
        55
        47
        38
        35
        34
        39
        50
        38
        31
        44
        38
        48
        41
        47
        39
        38
        52
        51
        43
        32
        46
        30
        40
        34
        41
        57
        43
        37
        40
        48
        45
        32
        51
        46
        41
        45
        32
        40
        43
        33
        30
        34
        41
        50
        47
        38
        44
        27
        49
        38
        34
        40
        46
        52
        45
        46
        39
        48
        37
        43
        31
        34
        53
        34
        40
        45
        36
        34
        43
        39
        32
        42
        43
        44
        37
        52
        44
        45
        31
        41
        44
        43
        38
        31
        51
        45
        40
        44
        45
        41
        54
        45
        46
        46
        46
        46
        37
        44
        41
        40
        36
        44
        49
        50
        52
        46
        53
        32
        44
        47
        43
        47
        41
        48
        53
        39
        42
        35
        45
        41
        37
        39
        38
        41
        58
        38
        27
        28
        43
        47
        43
        30
        42
        44
        42
        39
        47
        43
        41
        43
        41
        40
        50
        43
        48
        39
        44
        40
        41
        39
        26
        30
        50
        36
        33
        37
        38
        45
        39
        41
        40
        41
        38
        40
        36
        40
        40
        44
        43
        30
        44
        41
        35
        45
        40
        56
        56
        43
        40
        41
        37
        50
        56
        52
        34
        34
        29
        40
        44
        40
        39
        45
        44
        44
        36
        36
        39
        49
        33
        40
        31
        46
        45
        41
        39
        44
        40
        40
        34
        34
        48
        41
        42
        43
        36
        49
        43
        44
        31
        43
        49
        34
        35
        41
        43
        47
        34
        32
        46
        41
        41
        41
        34
        39
        33
        45
        34
        41
        44
        43
        43
        25
        41
        43
        38
        44
        41
        50
        47
        49
        37
        44
        36
        44
        42
        44
        54
        42
        28
        40
        37
        45
        48
        41
        44
        41
        45
        35
        40
        44
        37
        45
        39
        40
        49
        33
        44
        39
        34
        53
        54
        46
        51
        45
        46
        32
        43
        52
        38
        32
        33
        40
        49
        47
        30
        46
        38
        31
        44
        45
        45
        36
        45
        42
        40
        42
        52
        47
        48
        41
        57
        43
        49
        34
        41
        33
        39
        35
        42
        51
        42
        38
        41
        35
        40
        34
        41
        40
        40
        33
        44
        48
        43
        37
        43
        36
        45
        41
        42
        48
        45
        39
        45
        43
        43
        38
        35
        30
        43
        36
        53
        41
        36
        35
        44
        45
        39
        47
        40
        40
        41
        51
        40
        42
        54
        42
        38
        34
        38
        36
        43
        37
        57
        44
        30
        43
        37
        42
        33
        34
        47
        54
        57
        42
        49
        39
        44
        39
        45
        27
        45
        38
        41
        41
        47
        38
        39
        42
        35
        33
        53
        43
        41
        47
        43
        43
        50
        46
        45
        34
        42
        39
        46
        37
        35
        43
        41
        35
        24
        41
        35
        46
        44
        44
        31
        44
        48
        34
        33
        34
        49
        34
        53
        30
        34
        35
        47
        47
        28
        39
        41
        40
        50
        48
        36
        43
        38
        42
        45
        38
        38
        43
        31
        42
        45
        46
        44
        44
        49
        29
        49
        49
        32
        42
        44
        48
        47
        36
        43
        36
        42
        46
        41
        50
        43
        46
        45
        46
        41
        42
        49
        36
        41
        37
        40
        43
        33
        38
        30
        55
        47
        40
        32
        37
        41
        43
        40
        54
        42
        47
        51
        49
        44
        39
        43
        37
        32
        34
        40
        46
        38
        33
        26
        38
        41
        47
        48
        31
        40
        43
        54
        36
        38
        35
        48
        44
        51
        45
        42
        39
        50
        35
        44
        36
        42
        43
        44
        41
        45
        44
        49
        53
        43
        49
        46
        38
        44
        39
        37
        42
        45
        44
        44
        51
        35
        37
        33
        39
        31
        46
        45
        38
        28
        35
        45
        42
        40
        30
        43
        44
        34
        49
        47
        52
        31
        35
        44
        50
        43
        58
        51
        38
        41
        51
        35
        50
        32
        39
        54
        46
        44
        53
        44
        39
        46
        50
        44
        48
        33
        37
        33
        50
        30
        42
        49
        35
        47
        29
        50
        43
        51
        39
        36
        37
        41
        39
        33
        38
        45
        40
        29
        56
        36
        34
        44
        39
        44
        34
        41
        38
        40
        45
        38
        40
        42
        48
        46
        52
        41
        47
        31
        47
        42
        29
        39
        51
        43
        46
        41
        46
        46
        42
        33
        39
        34
        47
        39
        43
        34
        39
        46
        36
        49
        51
        42
        35
        38
        42
        45
        36
        34
        47
        35
        35
        32
        41
        49
        35
        48
        30
        50
        48
        40
        46
        41
        46
        38
        45
        45
        53
        50
        36
        43
        48
        46
        43
        45
        41
        50
        34
        46
        48
        44
        34
        43
        36
        50
        52
        46
        52
        34
        47
        43
        34
        40
        41
        58
        44
        53
        25
        48
        25
        49
        41
        44
        60
        34
        34
        39
        57
        37
        42
        51
        26
        36
        45
        37
        44
        46
        31
        52
        50
        34
        40
        36
        47
        37
        43
        38
        38
        39
        34
        46
        43
        34
        32
        47
        42
        62
        33
        39
        46
        49
        39
        44
        48
        45
        33
        34
        37
        53
        41
        29
        48
        42
        44
        44
        44
        47
        41
        41
        44
        34
        40
        36
        47
        42
        42
        42
        31
        44
        44
        43
        44
        40
        34
        52
        48
        27
        39
        44
        50
        28
        45
        44
        36
        32
        36
        35
        33
        43
        39
        38
        30
        40
        45
        41
        45
        40
        40
        32
        47
        48
        37
        39
        43
        37
        45
        57
        36
        36
        50
        40
        38
        39
        55
        53
        36
        48
        43
        40
        35
        43
        39
        29
        39
        53
        39
        45
        45
        41
        46
        41
        50
        28
        46
        47
        34
        43
        44
        46
        48
        38
        41
        38
        39
        38
        46
        49
        39
        36
        30
        54
        43
        46
        45
        40
        32
        43
        47
        35
        36
        40
        47
        47
        31
        46
        42
        52
        40
        40
        52
        38
        38
        49
        43
        39
        48
        33
        42
        35
        48
        50
        44
        33
        42
        37
        40
        36
        50
        53
        37
        39
        48
        30
        39
        47
        35
        44
        37
        50
        40
        39
        51
        40
        47
        35
        43
        44
        46
        47
        51
        42
        49
        33
        34
        47
        50
        24
        33
        36
        33
        42
        41
        55
        50
        39
        34
        49
        41
        45
        39
        37
        43
        47
        34
        42
        47
        45
        36
        55
        35
        47
        45
        43
        53
        36
        47
        34
        47
        41
        44
        44
        44
        36
        40
        38
        34
        36
        36
        49
        36
        34
        36
        48
        38
        37
        37
        46
        47
        53
        38
        31
        46
        42
        43
        39
        35
        45
        46
        43
        43
        57
        38
        41
        47
        47
        41
        40
        44
        55
        39
        42
        44
        53
        38
        43
        35
        32
        31
        48
        48
        51
        35
        42
        38
        32
        45
        35
        45
        29
        37
        28
        46
        35
        41
        35
        36
        47
        49
        38
        40
        34
        37
        33
        45
        44
        34
        47
        37
        42
        43
        47
        45
        39
        36
        46
        34
        42
        30
        39
        41
        45
        35
        52
        36
        46
        42
        46
        44
        39
        48
        42
        37
        42
        32
        43
        44
        56
        46
        42
        35
        41
        46
        34
        34
        39
        34
        34
        36
        47
        30
        38
        38
        49
        46
        32
        42
        39
        43
        44
        40
        49
        46
        40
        50
        30
        40
        41
        34
        56
        44
        38
        48
        37
        45
        37
        47
        39
        38
        40
        37
        37
        33
        31
        39
        35
        47
        43
        38
        39
        29
        47
        36
        22
        53
        54
        40
        51
        38
        39
        50
        40
        40
        50
        40
        44
        44
        39
        41
        31
        37
        38
        41
        38
        42
        50
        54
        39
        40
        51
        36
        41
        43
        57
        51
        34
        44
        39
        38
        55
        33
        43
        48
        42
        43
        43
        43
        33
        41
        37
        40
        47
        43
        35
        36
        38
        49
        43
        39
        45
        40
        52
        49
        39
        46
        42
        41
        34
        37
        45
        44
        47
        41
        46
        39
        45
        38
        45
        49
        41
        47
        38
        39
        45
        31
        54
        25
        39
        31
        42
        35
        35
        47
        39
        40
        45
        40
        40
        35
        44
        36
        38
        44
        43
        46
        38
        43
        51
        47
        48
        43
        41
        46
        41
        43
        45
        47
        39
        45
        44
        44
        44
        60
        44
        38
        40
        34
        41
        41
        35
        34
        43
        53
        46
        48
        54
        37
        32
        44
        48
        51
        41
        34
        35
        42
        42
        39
        27
        46
        52
        50
        39
        31
        29
        43
        54
        42
        39
        40
        48
        39
        37
        42
        34
        45
        47
        45
        41
        35
        56
        47
        44
        40
        41
        53
        30
        41
        27
        46
        33
        38
        33
        43
        31
        40
        32
        56
        46
        52
        37
        41
        54
        37
        45
        45
        42
        44
        36
        44
        43
        43
        41
        38
        45
        48
        41
        47
        40
        44
        46
        43
        38
        31
        34
        45
        44
        38
        36
        41
        47
        32
        39
        40
        39
        47
        32
        39
        44
        57
        39
        39
        43
        31
        44
        57
        42
        41
        35
        31
        33
        40
        47
        35
        36
        30
        35
        48
        53
        51
        43
        49
        38
        41
        46
        29
        43
        45
        35
        42
        30
        32
        38
        33
        50
        58
        34
        44
        43
        47
        48
        49
        40
        35
        39
        30
        45
        36
        47
        42
        34
        40
        41
        30
        32
        35
        43
        42
        64
        49
        45
        50
        28
        56
        30
        40
        45
        43
        47
        40
        40
        35
        37
        40
        36
        56
        43
        36
        37
        43
        41
        42
        53
        39
        47
        46
        42
        47
        40
        34
        35
        33
        48
        41
        48
        45
        60
        38
        45
        47
        37
        50
        41
        47
        43
        34
        28
        56
        35
        47
        36
        48
        30
        49
        47
        32
        46
        46
        41
        35
        40
        43
        50
        42
        34
        30
        46
        39
        33
        45
        45
        30
        44
        38
        40
        48
        50
        43
        46
        39
        43
        57
        40
        34
        35
        42
        39
        40
        42
        42
        43
        50
        50
        42
        24
        39
        39
        41
        53
        43
        38
        49
        45
        44
        41
        45
        51
        37
        54
        48
        48
        38
        32
        47
        37
        38
        43
        51
        37
        43
        40
        43
        55
        47
        46
        45
        44
        45
        35
        44
        50
        40
        45
        51
        34
        43
        39
        37
        53
        41
        43
        42
        46
        55
        53
        49
        30
        45
        42
        38
        40
        36
        38
        41
        58
        48
        28
        48
        36
        54
        31
        41
        49
        45
        41
        52
        46
        36
        41
        33
        47
        40
        36
        34
        43
        34
        31
        42
        49
        29
        36
        48
        37
        36
        48
        35
        47
        49
        51
        38
        39
        42
        36
        39
        41
        37
        44
        27
        26
        53
        55
        35
        36
        34
        41
        42
        53
        39
        35
        44
        43
        39
        40
        46
        41
        41
        37
        57
        40
        38
        48
        44
        45
        34
        46
        38
        32
        38
        30
        51
        37
        40
        43
        43
        48
        48
        47
        43
        38
        38
        57
        38
        37
        42
        32
        36
        39
        41
        40
        31
        59
        37
        40
        45
        40
        30
        47
        31
        42
        37
        48
        42
        34
        40
        32
        46
        31
        26
        33
        47
        37
        35
        31
        35
        52
        37
        44
        40
        32
        54
        30
        27
        40
        47
        35
        42
        41
        44
        39
        34
        41
        50
        48
        45
        41
        33
        54
        43
        48
        44
        45
        37
        39
        35
        37
        49
        34
        36
        43
        40
        37
        42
        49
        43
        40
        43
        48
        34
        47
        55
        49
        41
        52
        35
        40
        32
        45
        36
        39
        44
        44
        53
        44
        34
        42
        52
        30
        56
        45
        43
        44
        41
        39
        39
        36
        46
        42
        34
        50
        44
        54
        41
        33
        35
        39
        51
        39
        54
        32
        55
        37
        36
        43
        41
        32
        45
        37
        50
        49
        27
        43
        38
        35
        43
        30
        36
        39
        46
        34
        38
        38
        42
        46
        46
        41
        43
        36
        43
        36
        34
        52
        38
        40
        49
        34
        37
        39
        49
        47
        46
        38
        41
        37
        41
        38
        54
        34
        24
        36
        46
        44
        30
        46
        44
        38
        37
        33
        45
        28
        36
        34
        49
        47
        53
        49
        44
        36
        35
        39
        34
        46
        46
        35
        40
        32
        28
        40
        32
        36
        44
        51
        33
        40
        46
        44
        41
        39
        34
        42
        39
        46
        32
        54
        44
        33
        39
        46
        38
        42
        44
        40
        49
        38
        36
        43
        35
        34
        43
        49
        40
        40
        37
        52
        49
        46
        46
        46
        42
        41
        47
        42
        43
        42
        34
        31
        38
        39
        53
        44
        33
        36
        41
        45
        38
        51
        46
        32
        52
        54
        51
        36
        45
        45
        37
        41
        42
        36
        40
        38
        22
        42
        33
        30
        41
        38
        41
        35
        42
        35
        55
        42
        49
        48
        47
        26
        42
        48
        33
        49
        46
        49
        46
        50
        40
        26
        32
        40
        42
        39
        39
        35
        52
        40
        32
        25
        41
        42
        36
        31
        24
        40
        31
        38
        46
        37
        40
        34
        49
        32
        45
        40
        37
        40
        34
        38
        58
        45
        45
        45
        53
        42
        55
        50
        62
        42
        54
        52
        36
        31
        40
        50
        38
        51
        30
        39
        56
        40
        44
        48
        43
        43
        40
        53
        35
        34
        32
        40
        40
        41
        54
        42
        43
        42
        29
        37
        39
        51
        49
        50
        42
        38
        32
        35
        43
        33
        44
        34
        42
        35
        34
        39
        47
        43
        36
        53
        46
        44
        39
        50
        35
        37
        36
        47
        40
        34
        55
        50
        46
        36
        39
        35
        43
        39
        38
        47
        41
        40
        38
        39
        36
        48
        44
        49
        36
        32
        39
        40
        52
        53
        53
        40
        52
        45
        29
        37
        29
        45
        43
        30
        36
        43
        49
        38
        40
        39
        45
        49
        44
        37
        52
        36
        49
        50
        38
        31
        48
        42
        30
        39
        47
        45
        39
        41
        58
        48
        35
        42
        47
        40
        44
        50
        43
        46
        39
        32
        35
        41
        46
        41
        51
        34
        44
        53
        46
        34
        38
        47
        43
        35
        40
        53
        38
        39
        52
        38
        34
        29
        35
        39
        42
        48
        36
        40
        54
        51
        41
        37
        32
        43
        43
        39
        36
        35
        43
        41
        40
        29
        32
        42
        33
        49
        39
        37
        46
        45
        33
        42
        39
        45
        28
        55
        38
        44
        51
        44
        33
        31
        47
        35
        50
        40
        39
        39
        45
        38
        41
        58
        30
        42
        47
        44
        24
        39
        36
        45
        43
        50
        43
        42
        37
        50
        42
        43
        38
        30
        48
        38
        46
        37
        44
        40
        44
        49
        47
        29
        43
        24
        42
        50
        39
        23
        23
        43
        48
        45
        39
        37
        46
        54
        40
        49
        44
        27
        46
        53
        46
        40
        42
        47
        41
        41
        35
        43
        49
        32
        48
        55
        48
        46
        48
        47
        49
        43
        41
        48
        35
        35
        42
        45
        33
        32
        41
        41
        51
        35
        47
        28
        54
        42
        54
        49
        33
        39
        49
        46
        52
        41
        51
        51
        39
        43
        43
        32
        37
        50
        41
        39
        45
        29
        37
        39
        51
        38
        39
        47
        52
        37
        48
        30
        38
        47
        43
        40
        35
        33
        41
        53
        44
        33
        38
        50
        47
        40
        37
        40
        36
        46
        49
        56
        37
        36
        47
        42
        44
        45
        44
        52
        37
        41
        48
        37
        33
        36
        46
        41
        37
        47
        39
        37
        37
        37
        44
        47
        34
        46
        52
        45
        31
        42
        39
        35
        45
        44
        40
        43
        43
        42
        34
        47
        44
        29
        45
        45
        46
        46
        42
        47
        40
        36
        34
        55
        43
        48
        53
        44
        42
        38
        36
        40
        35
        31
        38
        40
        35
        41
        48
        40
        43
        27
        31
        41
        42
        34
        44
        36
        46
        54
        44
        55
        33
        42
        38
        55
        42
        39
        36
        48
        36
        40
        46
        51
        44
        55
        44
        46
        28
        42
        39
        42
        45
        45
        41
        40
        35
        38
        49
        40
        48
        39
        39
        44
        46
        37
        30
        47
        36
        48
        35
        54
        46
        29
        58
        37
        50
        42
        39
        38
        47
        47
        45
        35
        38
        45
        39
        36
        38
        49
        45
        39
        41
        35
        46
        44
        57
        39
        41
        44
        39
        55
        46
        48
        44
        33
        36
        50
        48
        42
        36
        32
        46
        52
        35
        39
        39
        42
        42
        33
        47
        53
        49
        39
        49
        39
        56
        48
        41
        31
        31
        41
        44
        39
        33
        33
        47
        42
        42
        38
        46
        42
        42
        37
        40
        42
        37
        47
        47
        43
        32
        32
        31
        41
        54
        38
        39
        41
        36
        42
        36
        29
        38
        43
        41
        42
        33
        47
        46
        54
        49
        46
        37
        41
        43
        46
        41
        54
        40
        47
        40
        40
        42
        54
        43
        41
        36
        37
        51
        41
        40
        45
        41
        34
        44
        40
        38
        38
        43
        57
        37
        30
        28
        47
        47
        39
        40
        38
        37
        46
        41
        60
        37
        38
        35
        42
        31
        40
        41
        42
        47
        44
        51
        49
        45
        34
        46
        38
        46
        35
        29
        40
        45
        43
        36
        42
        55
        36
        49
        35
        39
        32
        40
        38
        41
        37
        45
        52
        43
        38
        37
        31
        41
        44
        36
        40
        53
        32
        32
        39
        32
        21
        41
        45
        51
        48
        42
        34
        47
        41
        36
        21
        45
        39
        50
        36
        30
        36
        51
        47
        49
        39
        57
        39
        34
        39
        35
        44
        54
        35
        53
        35
        36
        46
        38
        37
        40
        32
        46
        38
        42
        44
        38
        35
        39
        50
        34
        51
        46
        48
        49
        39
        41
        39
        41
        36
        46
        34
        36
        50
        40
        57
        46
        47
        40
        35
        47
        38
        36
        45
        48
        45
        32
        48
        48
        35
        39
        30
        40
        60
        40
        41
        51
        36
        43
        48
        44
        32
        39
        42
        37
        42
        42
        40
        41
        32
        43
        47
        40
        37
        45
        33
        42
        45
        46
        46
        55
        49
        43
        31
        45
        38
        42
        33
        36
        37
        49
        41
        49
        50
        41
        38
        24
        40
        42
        41
        35
        43
        53
        30
        35
        43
        41
        37
        29
        41
        38
        43
        48
        48
        40
        32
        33
        43
        48
        45
        44
        35
        55
        39
        49
        49
        37
        41
        47
        47
        50
        45
        37
        50
        29
        43
        42
        34
        40
        48
        34
        37
        36
        45
        42
        39
        40
        58
        48
        47
        41
        46
        52
        40
        47
        37
        47
        42
        45
        39
        43
        38
        47
        44
        47
        34
        40
        41
        53
        27
        45
        33
        46
        41
        40
        43
        39
        34
        49
        41
        50
        31
        51
        40
        43
        39
        40
        47
        33
        48
        36
        40
        47
        46
        29
        41
        40
        46
        30
        46
        28
        36
        55
        43
        49
        40
        32
        41
        36
        46
        31
        44
        43
        54
        26
        46
        50
        36
        39
        43
        50
        39
        42
        38
        42
        35
        34
        45
        52
        35
        54
        46
        40
        42
        47
        27
        33
        39
        41
        44
        32
        53
        40
        36
        46
        39
        41
        43
        42
        38
        42
        34
        52
        37
        38
        42
        37
        56
        40
        47
        44
        43
        52
        35
        43
        40
        43
        46
        53
        47
        28
        34
        43
        46
        33
        49
        20
        40
        33
        39
        36
        39
        32
        49
        42
        43
        38
        38
        40
        43
        45
        42
        38
        38
        39
        43
        39
        39
        41
        37
        43
        42
        41
        41
        39
        43
        40
        45
        41
        32
        41
        45
        44
        43
        50
        50
        36
        29
        40
        48
        45
        33
        32
        45
        45
        40
        47
        47
        46
        41
        44
        41
        47
        41
        45
        36
        50
        42
        39
        47
        30
        43
        33
        46
        35
        47
        36
        41
        34
        40
        37
        36
        35
        45
        33
        39
        39
        49
        28
        41
        33
        36
        43
        36
        38
        42
        45
        45
        57
        44
        31
        39
        32
        47
        46
        41
        45
        49
        37
        40
        38
        50
        24
        39
        45
        41
        37
        58
        38
        44
        36
        43
        37
        47
        34
        35
        38
        37
        44
        38
        46
        44
        33
        47
        45
        40
        45
        40
        37
        40
        35
        48
        45
        44
        37
        47
        39
        41
        37
        36
        32
        49
        34
        47
        46
        40
        46
        44
        33
        41
        31
        42
        38
        42
        39
        34
        34
        38
        44
        37
        38
        41
        34
        37
        41
        41
        40
        43
        59
        40
        35
        43
        41
        41
        38
        31
        47
        41
        32
        42
        34
        47
        40
        39
        55
        39
        39
        31
        50
        38
        40
        40
        37
        47
        45
        46
        35
        36
        44
        40
        48
        29
        27
        42
        51
        44
        39
        57
        48
        47
        46
        30
        35
        42
        40
        37
        37
        42
        52
        34
        35
        51
        38
        43
        43
        58
        48
        42
        36
        36
        43
        34
        47
        37
        45
        41
        37
        44
        38
        49
        46
        36
        35
        63
        38
        49
        44
        38
        41
        32
        43
        38
        36
        45
        42
        59
        39
        41
        46
        31
        35
        45
        39
        53
        40
        45
        42
        36
        36
        47
        48
        52
        54
        40
        44
        40
        40
        45
        35
        42
        46
        43
        43
        43
        35
        33
        40
        41
        34
        41
        39
        45
        46
        37
        42
        28
        44
        38
        46
        41
        34
        42
        42
        43
        34
        40
        47
        36
        46
        49
        43
        39
        45
        39
        26
        43
        37
        29
        43
        30
        39
        45
        37
        45
        43
        35
        45
        40
        41
        50
        52
        47
        34
        41
        37
        27
        56
        64
        37
        38
        38
        35
        40
        40
        41
        35
        43
        47
        44
        31
        48
        31
        40
        49
        46
        31
        48
        51
        40
        48
        41
        31
        47
        45
        55
        37
        51
        42
        34
        46
        33
        47
        40
        47
        55
        42
        42
        45
        43
        39
        39
        44
        51
        23
        40
        32
        40
        56
        56
        43
        43
        41
        46
        41
        40
        36
        31
        53
        40
        49
        43
        40
        46
        46
        34
        41
        48
        58
        27
        37
        44
        37
        36
        36
        45
        38
        43
        31
        43
        38
        33
        41
        43
        36
        36
        42
        48
        44
        38
        34
        39
        49
        29
        44
        30
        45
        46
        32
        45
        39
        44
        45
        48
        61
        48
        45
        47
        38
        43
        43
        34
        42
        44
        47
        28
        52
        41
        36
        44
        37
        38
        35
        41
        39
        48
        38
        40
        47
        46
        41
        42
        37
        36
        46
        41
        32
        52
        43
        57
        34
        44
        43
        54
        43
        52
        39
        46
        46
        57
        41
        50
        32
        50
        34
        40
        40
        40
        58
        37
        33
        35
        36
        53
        43
        46
        39
        43
        36
        47
        36
        33
        42
        35
        35
        49
        44
        47
        41
        30
        43
        44
        39
        42
        49
        40
        41
        41
        46
        38
        39
        39
        46
        42
        34
        30
        42
        44
        30
        51
        33
        40
        35
        44
        38
        42
        59
        33
        38
        30
        41
        48
        30
        45
        42
        37
        35
        42
        34
        49
        27
        35
        44
        57
        39
        39
        48
        39
        41
        45
        48
        39
        37
        34
        35
        48
        51
        50
        36
        46
        55
        46
        30
        35
        35
        54
        54
        43
        45
        27
        44
        40
        35
        41
        39
        41
        35
        48
        51
        45
        57
        36
        47
        37
        47
        39
        49
        49
        39
        47
        35
        35
        48
        43
        39
        31
        40
        37
        41
        40
        41
        36
        51
        41
        30
        48
        45
        47
        40
        41
        42
        41
        34
        58
        37
        36
        42
        40
        35
        44
        43
        31
        31
        39
        41
        47
        41
        34
        42
        31
        51
        38
        43
        41
        40
        38
        38
        46
        45
        43
        40
        36
        49
        46
        44
        47
        39
        39
        44
        38
        33
        47
        47
        43
        32
        37
        45
        35
        29
        34
        44
        29
        51
        36
        35
        51
        47
        35
        36
        50
        36
        44
        45
        44
        40
        39
        46
        31
        42
        40
        51
        27
        35
        47
        47
        41
        46
        46
        48
        44
        49
        36
        39
        34
        36
        40
        48
        47
        43
        43
        44
        47
        55
        35
        43
        42
        48
        48
        40
        61
        43
        37
        41
        39
        48
        51
        40
        46
        34
        31
        41
        41
        41
        52
        43
        35
        45
        49
        38
        33
        51
        33
        40
        27
        44
        33
        42
        30
        38
        43
        49
        48
        46
        39
        46
        42
        42
        34
        32
        45
        36
        53
        35
        31
        52
        41
        35
        48
        48
        46
        44
        43
        40
        44
        33
        39
        45
        42
        46
        39
        48
        47
        35
        35
        43
        47
        39
        42
        45
        43
        41
        38
        45
        33
        37
        48
        35
        41
        31
        47
        49
        42
        36
        49
        34
        38
        48
        56
        30
        46
        46
        38
        52
        49
        41
        43
        38
        37
        40
        47
        47
        39
        29
        46
        39
        42
        51
        37
        37
        30
        32
        41
        37
        42
        42
        44
        42
        44
        40
        40
        35
        39
        47
        32
        30
        45
        37
        37
        36
        48
        49
        48
        38
        31
        35
        47
        27
        44
        43
        40
        47
        41
        47
        46
        37
        45
        46
        44
        37
        48
        47
        35
        34
        50
        52
        41
        43
        45
        41
        39
        29
        50
        48
        38
        41
        38
        48
        35
        46
        34
        44
        28
        47
        36
        47
        33
        41
        43
        34
        54
        39
        36
        34
        45
        38
        33
        50
        44
        37
        47
        39
        35
        44
        37
        48
        36
        37
        41
        47
        48
        33
        45
        37
        36
        42
        42
        44
        38
        38
        47
        35
        31
        37
        39
        44
        35
        41
        44
        44
        50
        42
        34
        47
        35
        42
        48
        42
        39
        37
        38
        38
        34
        52
        49
        31
        49
        44
        45
        38
        35
        44
        39
        40
        37
        51
        34
        45
        34
        38
        45
        42
        49
        36
        46
        34
        43
        38
        48
        38
        44
        37
        32
        42
        36
        44
        46
        37
        42
        39
        35
        34
        28
        42
        33
        38
        48
        43
        43
        46
        40
        35
        39
        33
        27
        44
        33
        45
        43
        42
        44
        48
        39
        43
        39
        44
        38
        45
        57
        30
        45
        47
        37
        43
        42
        33
        50
        34
        40
        35
        34
        37
        42
        54
        33
        40
        43
        33
        29
        39
        44
        41
        46
        45
        41
        38
        39
        34
        46
        45
        35
        52
        44
        37
        40
        30
        47
        46
        54
        44
        31
        45
        46
        29
        33
        46
        51
        34
        38
        49
        36
        43
        37
        47
        51
        45
        41
        40
        48
        41
        38
        50
        40
        50
        44
        29
        42
        60
        43
        36
        38
        51
        42
        42
        38
        33
        50
        40
        51
        53
        39
        37
        33
        37
        41
        36
        49
        53
        35
        48
        41
        37
        39
        37
        32
        34
        34
        48
        24
        32
        48
        42
        41
        38
        35
        45
        41
        50
        43
        39
        44
        31
        34
        42
        38
        34
        37
        37
        44
        50
        42
        35
        40
        46
        50
        47
        38
        49
        45
        50
        51
        49
        35
        41
        42
        42
        41
        41
        34
        34
        47
        32
        51
        42
        36
        44
        39
        36
        36
        44
        36
        54
        48
        46
        54
        37
        39
        46
        41
        34
        37
        46
        40
        45
        41
        45
        42
        38
        43
        46
        40
        31
        40
        59
        44
        37
        32
        45
        44
        46
        31
        41
        37
        36
        43
        42
        34
        36
        31
        53
        49
        37
        39
        47
        36
        38
        29
        36
        34
        54
        52
        44
        40
        42
        30
        33
        50
        40
        42
        44
        45
        33
        51
        30
        49
        59
        42
        35
        42
        40
        23
        32
        43
        41
        38
        34
        44
        45
        44
        46
        49
        48
        43
        34
        42
        50
        45
        41
        47
        42
        41
        61
        38
        37
        42
        50
        50
        42
        47
        43
        41
        37
        45
        34
        48
        46
        47
        49
        48
        42
        46
        28
        40
        42
        36
        33
        47
        39
        46
        31
        41
        41
        47
        46
        31
        35
        49
        38
        31
        45
        41
        42
        47
        36
        45
        42
        51
        37
        31
        42
        40
        32
        42
        30
        35
        35
        43
        34
        41
        46
        46
        38
        46
        43
        40
        47
        37
        38
        40
        41
        35
        48
        45
        41
        50
        46
        48
        39
        33
        45
        36
        37
        34
        41
        29
        46
        44
        55
        39
        30
        42
        36
        24
        46
        33
        35
        41
        40
        33
        45
        31
        28
        44
        55
        54
        52
        46
        38
        45
        38
        40
        49
        40
        32
        40
        39
        38
        35
        27
        35
        33
        46
        47
        34
        43
        30
        39
        45
        39
        44
        41
        33
        43
        38
        46
        49
        35
        43
        34
        41
        33
        45
        45
        41
        35
        37
        33
        44
        37
        37
        37
        38
        39
        49
        39
        36
        38
        39
        37
        39
        45
        44
        35
        29
        37
        36
        37
        35
        48
        39
        37
        44
        43
        41
        46
        49
        35
        39
        38
        40
        47
        47
        40
        53
        39
        51
        39
        43
        29
        40
        42
        30
        35
        39
        34
        49
        38
        39
        35
        45
        38
        27
        36
        41
        41
        46
        46
        44
        57
        49
        41
        34
        42
        46
        34
        37
        43
        47
        31
        36
        26
        51
        47
        39
        41
        54
        48
        48
        38
        30
        34
        52
        41
        33
        37
        50
        49
        41
        49
        30
        51
        45
        38
        44
        44
        50
        49
        41
        44
        37
        36
        41
        38
        38
        44
        51
        41
        43
        39
        49
        36
        47
        35
        41
        44
        33
        47
        37
        42
        38
        45
        55
        46
        45
        41
        40
        41
        52
        33
        36
        45
        37
        40
        44
        42
        42
        31
        34
        42
        40
        35
        39
        47
        42
        36
        58
        49
        38
        43
        50
        39
        46
        41
        47
        42
        35
        52
        37
        58
        59
        43
        45
        29
        34
        42
        38
        37
        48
        49
        41
        42
        37
        42
        59
        40
        31
        35
        45
        44
        46
        49
        49
        38
        31
        44
        43
        46
        32
        36
        36
        40
        45
        43
        35
        47
        36
        32
        35
        42
        38
        49
        31
        31
        46
        36
        48
        44
        46
        51
        28
        49
        38
        43
        32
        43
        54
        41
        54
        40
        33
        35
        44
        37
        34
        37
        45
        33
        35
        50
        53
        38
        39
        42
        35
        43
        47
        43
        40
        43
        36
        41
        38
        35
        47
        38
        41
        28
        40
        33
        44
        39
        31
        36
        34
        35
        43
        35
        44
        35
        37
        39
        41
        48
        38
        40
        40
        38
        47
        55
        50
        42
        41
        44
        37
        46
        46
        44
        43
        36
        33
        32
        50
        51
        47
        48
        40
        35
        36
        40
        51
        40
        47
        39
        40
        48
        44
        41
        37
        39
        38
        32
        38
        36
        51
        46
        38
        44
        51
        56
        42
        37
        34
        44
        41
        39
        57
        39
        44
        43
        49
        34
        54
        39
        33
        48
        43
        40
        32
        42
        35
        37
        58
        48
        34
        30
        42
        38
        37
        39
        34
        44
        41
        33
        41
        46
        36
        43
        30
        34
        40
        48
        48
        38
        44
        46
        42
        42
        46
        44
        36
        43
        36
        32
        47
        37
        45
        43
        35
        37
        43
        49
        36
        47
        57
        42
        36
        35
        36
        31
        47
        40
        42
        31
        36
        43
        33
        47
        31
        32
        38
        33
        40
        35
        33
        39
        35
        47
        31
        31
        42
        40
        41
        43
        37
        44
        40
        41
        38
        39
        48
        45
        46
