19_03_04_iP_Ar_2.7kV_2m_CF4=20'28_16cm_5mV_40kHz__2.3kV_3m_CF3=38'64_15cm__5mV_50kHz_MCA_274cps_027 2
0.00613
2
0.3
        1276
        1223
        1262
        1312
        1244
        1316
        1218
        1320
        1261
        1305
        1354
        1328
        1311
        1278
        1333
        1299
        1268
        1265
        1346
        1304
        1340
        1264
        1293
        1342
        1277
        1278
        1331
        1274
        1322
        1274
        1249
        1325
        1283
        1296
        1280
        1254
        1272
        1261
        1274
        1318
        1373
        1268
        1258
        1261
        1253
        1266
        1245
        1317
        1267
        1217
        1246
        1231
        1284
        1246
        1239
        1299
        1234
        1279
        1272
        1238
        1286
        1260
        1251
        1288
        1262
        1290
        1354
        1197
        1256
        1203
        1296
        1308
        1296
        1287
        1270
        1263
        1245
        1279
        1211
        1359
        1273
        1303
        1270
        1197
        1307
        1256
        1239
        1258
        1265
        1237
        1256
        1244
        1265
        1276
        1295
        1293
        1245
        1232
        1286
        1298
        1312
        1231
        1324
        1278
        1266
        1259
        1288
        1232
        1243
        1269
        1309
        1231
        1290
        1264
        1350
        1307
        1242
        1239
        1296
        1312
        1289
        1302
        1255
        1243
        1293
        1289
        1243
        1174
        1324
        1276
        1309
        1278
        1264
        1286
        1252
        1241
        1211
        1230
        1278
        1281
        1266
        1228
        1313
        1213
        1236
        1276
        1306
        1286
        1306
        1270
        1318
        1343
        1273
        1270
        1252
        1278
        1217
        1273
        1273
        1250
        1257
        1251
        1239
        1269
        1238
        1251
        1295
        1332
        1324
        1332
        1249
        1330
        1259
        1240
        1242
        1313
        1309
        1313
        1245
        1285
        1263
        1281
        1276
        1250
        1291
        1315
        1296
        1301
        1312
        1289
        1326
        1290
        1258
        1286
        1281
        1231
        1282
        1297
        1317
        1306
        1304
        1308
        1268
        1270
        1268
        1259
        1294
        1271
        1308
        1277
        1233
        1265
        1292
        1274
        1281
        1257
        1333
        1343
        1270
        1313
        1293
        1305
        1293
        1277
        1261
        1291
        1282
        1284
        1279
        1247
        1262
        1275
        1223
        1237
        1311
        1257
        1302
        1274
        1292
        1299
        1220
        1334
        1282
        1339
        1282
        1309
        1328
        1295
        1333
        1271
        1291
        1259
        1301
        1318
        1318
        1263
        1288
        1278
        1247
        1272
        1358
        1274
        1298
        1267
        1272
        1229
        1342
        1273
        1206
        1276
        1290
        1226
        1324
        1274
        1238
        1336
        1324
        1300
        1294
        1264
        1364
        1272
        1226
        1285
        1316
        1270
        1335
        1234
        1270
        1283
        1290
        1311
        1286
        1223
        1284
        1246
        1264
        1310
        1348
        1248
        1315
        1260
        1293
        1262
        1308
        1238
        1303
        1269
        1305
        1305
        1357
        1284
        1270
        1337
        1319
        1263
        1251
        1262
        1220
        1341
        1264
        1275
        1319
        1238
        1330
        1235
        1330
        1316
        1290
        1233
        1272
        1316
        1285
        1290
        1261
        1240
        1383
        1278
        1271
        1297
        1270
        1312
        1261
        1318
        1280
        1340
        1279
        1260
        1286
        1320
        1317
        1302
        1233
        1236
        1290
        1287
        1301
        1269
        1271
        1297
        1223
        1263
        1332
        1273
        1261
        1292
        1234
        1250
        1248
        1235
        1269
        1252
        1324
        1317
        1313
        1315
        1256
        1206
        1328
        1239
        1261
        1272
        1301
        1274
        1250
        1303
        1306
        1253
        1264
        1280
        1262
        1245
        1301
        1262
        1278
        1248
        1277
        1277
        1263
        1300
        1307
        1270
        1340
        1265
        1288
        1315
        1284
        1265
        1314
        1300
        1295
        1327
        1207
        1272
        1289
        1245
        1268
        1200
        1271
        1249
        1247
        1237
        1241
        1263
        1247
        1227
        1341
        1281
        1258
        1273
        1278
        1221
        1241
        1291
        1263
        1247
        1221
        1193
        1299
        1316
        1313
        1278
        1275
        1211
        1249
        1284
        1205
        1264
        1203
        1230
        1306
        1309
        1294
        1246
        1239
        1221
        1272
        1261
        1234
        1273
        1239
        1279
        1252
        1305
        1237
        1165
        1343
        1293
        1277
        1270
        1232
        1248
        1264
        1311
        1270
        1287
        1275
        1258
        1274
        1290
        1277
        1223
        1255
        1246
        1318
        1268
        1261
        1258
        1279
        1234
        1274
        1251
        1299
        1263
        1273
        1249
        1315
        1191
        1282
        1324
        1362
        1300
        1251
        1221
        1217
        1261
        1326
        1262
        1262
        1331
        1328
        1293
        1268
        1245
        1272
        1288
        1273
        1271
        1279
        1279
        1265
        1206
        1214
        1320
        1278
        1359
        1283
        1261
        1260
        1306
        1258
        1372
        1249
        1189
        1316
        1248
        1273
        1277
        1264
        1296
        1216
        1275
        1294
        1214
        1244
        1289
        1333
        1302
        1227
        1304
        1229
        1353
        1181
        1240
        1253
        1371
        1269
        1272
        1205
        1273
        1306
        1346
        1284
        1311
        1306
        1321
        1309
        1365
        1282
        1285
        1254
        1316
        1283
        1258
        1214
        1268
        1336
        1335
        1292
        1270
        1257
        1314
        1267
        1315
        1240
        1322
        1258
        1258
        1347
        1346
        1292
        1303
        1322
        1228
        1268
        1269
        1297
        1258
        1236
        1281
        1246
        1303
        1289
        1311
        1351
        1286
        1306
        1297
        1304
        1337
        1284
        1327
        1346
        1328
        1288
        1275
        1315
        1297
        1303
        1253
        1312
        1301
        1325
        1373
        1266
        1345
        1351
        1296
        1340
        1269
        1267
        1286
        1266
        1254
        1258
        1318
        1398
        1259
        1310
        1259
        1302
        1279
        1204
        1328
        1257
        1251
        1277
        1268
        1309
        1252
        1325
        1225
        1266
        1320
        1285
        1268
        1333
        1307
        1332
        1293
        1347
        1252
        1275
        1276
        1249
        1287
        1365
        1276
        1351
        1221
        1242
        1345
        1364
        1364
        1190
        1273
        1256
        1313
        1264
        1324
        1332
        1295
        1250
        1293
        1305
        1251
        1363
        1339
        1299
        1292
        1287
        1251
        1262
        1266
        1250
        1226
        1290
        1237
        1282
        1265
        1267
        1314
        1343
        1288
        1280
        1301
        1298
        1239
        1243
        1220
        1375
        1328
        1241
        1286
        1262
        1329
        1243
        1237
        1371
        1276
        1275
        1266
        1244
        1296
        1288
        1340
        1206
        1224
        1268
        1260
        1265
        1280
        1276
        1327
        1320
        1286
        1337
        1302
        1305
        1296
        1332
        1254
        1275
        1366
        1301
        1233
        1257
        1304
        1281
        1269
        1323
        1262
        1314
        1293
        1337
        1268
        1286
        1281
        1280
        1307
        1284
        1282
        1335
        1285
        1367
        1346
        1330
        1226
        1251
        1312
        1289
        1234
        1271
        1287
        1278
        1373
        1249
        1269
        1330
        1270
        1231
        1321
        1330
        1269
        1297
        1258
        1346
        1236
        1383
        1327
        1317
        1300
        1217
        1334
        1307
        1276
        1284
        1310
        1292
        1287
        1301
        1258
        1274
        1287
        1269
        1289
        1260
        1297
        1264
        1363
        1327
        1293
        1356
        1264
        1215
        1326
        1265
        1308
        1369
        1338
        1282
        1333
        1322
        1276
        1329
        1328
        1246
        1276
        1245
        1288
        1283
        1279
        1255
        1275
        1341
        1348
        1244
        1306
        1283
        1358
        1286
        1223
        1326
        1230
        1284
        1278
        1283
        1235
        1261
        1236
        1292
        1241
        1288
        1228
        1351
        1300
        1326
        1319
        1204
        1357
        1269
        1287
        1279
        1332
        1245
        1299
        1286
        1234
        1276
        1252
        1270
        1270
        1317
        1314
        1277
        1328
        1263
        1235
        1315
        1331
        1280
        1278
        1223
        1343
        1315
        1258
        1249
        1258
        1299
        1250
        1261
        1313
        1352
        1272
        1277
        1361
        1257
        1246
        1267
        1355
        1301
        1239
        1356
        1269
        1295
        1297
        1279
        1281
        1293
        1296
        1291
        1205
        1238
        1289
        1313
        1283
        1285
        1293
        1284
        1274
        1179
        1282
        1254
        1278
        1262
        1300
        1216
        1234
        1292
        1291
        1287
        1300
        1262
        1255
        1238
        1228
        1263
        1187
        1260
        1303
        1239
        1288
        1274
        1271
        1326
        1301
        1271
        1202
        1277
        1318
        1283
        1237
        1263
        1324
        1196
        1317
        1279
        1278
        1256
        1282
        1305
        1311
        1310
        1241
        1248
        1191
        1260
        1288
        1279
        1251
        1206
        1338
        1277
        1206
        1239
        1254
        1294
        1329
        1284
        1264
        1310
        1194
        1203
        1267
        1263
        1247
        1283
        1296
        1302
        1323
        1295
        1307
        1308
        1247
        1314
        1243
        1262
        1219
        1255
        1285
        1255
        1256
        1303
        1279
        1332
        1233
        1256
        1212
        1315
        1259
        1277
        1274
        1322
        1320
        1246
        1370
        1222
        1286
        1316
        1302
        1304
        1260
        1221
        1304
        1281
        1312
        1255
        1205
        1281
        1230
        1228
        1286
        1230
        1332
        1286
        1305
        1235
        1306
        1246
        1142
        1240
        1301
        1301
        1300
        1301
        1295
        1290
        1246
        1350
        1311
        1236
        1236
        1284
        1269
        1330
        1224
        1391
        1300
        1309
        1227
        1284
        1220
        1312
        1246
        1307
        1283
        1314
        1280
        1211
        1201
        1252
        1297
        1303
        1234
        1289
        1323
        1337
        1317
        1260
        1252
        1307
        1255
        1298
        1315
        1323
        1316
        1282
        1293
        1249
        1279
        1336
        1225
        1286
        1253
        1257
        1254
        1287
        1258
        1238
        1316
        1243
        1265
        1252
        1263
        1345
        1345
        1195
        1268
        1260
        1268
        1194
        1300
        1292
        1293
        1322
        1218
        1296
        1239
        1297
        1336
        1245
        1274
        1327
        1270
        1315
        1329
        1236
        1288
        1282
        1356
        1278
        1277
        1355
        1288
        1214
        1296
        1305
        1260
        1265
        1267
        1263
        1260
        1311
        1324
        1311
        1295
        1271
        1271
        1272
        1165
        1326
        1243
        1299
        1303
        1244
        1300
        1306
        1305
        1302
        1283
        1290
        1284
        1273
        1334
        1334
        1309
        1398
        1248
        1232
        1261
        1330
        1322
        1272
        1237
        1327
        1294
        1313
        1304
        1307
        1342
        1320
        1276
        1305
        1326
        1347
        1320
        1375
        1261
        1322
        1313
        1366
        1348
        1330
        1310
        1342
        1299
        1258
        1275
        1278
        1256
        1344
        1273
        1298
        1314
        1332
        1357
        1340
        1347
        1223
        1326
        1376
        1274
        1321
        1285
        1344
        1306
        1312
        1331
        1288
        1316
        1289
        1303
        1286
        1304
        1276
        1300
        1319
        1314
        1284
        1286
        1289
        1268
        1293
        1323
        1314
        1245
        1280
        1317
        1320
        1329
        1301
        1313
        1345
        1270
        1226
        1226
        1311
        1360
        1256
        1230
        1341
        1282
        1238
        1325
        1278
        1369
        1260
        1256
        1233
        1266
        1298
        1281
        1237
        1304
        1337
        1315
        1214
        1290
        1353
        1300
        1223
        1282
        1357
        1307
        1244
        1241
        1361
        1283
        1312
        1305
        1297
        1290
        1291
        1309
        1227
        1314
        1266
        1219
        1239
        1228
        1286
        1315
        1333
        1343
        1246
        1300
        1257
        1299
        1269
        1280
        1275
        1253
        1232
        1348
        1321
        1360
        1277
        1267
        1316
        1335
        1275
        1257
        1230
        1315
        1322
        1258
        1298
        1288
        1298
        1263
        1321
        1296
        1244
        1277
        1316
        1331
        1286
        1229
        1257
        1287
        1316
        1294
        1295
        1288
        1284
        1320
        1297
        1271
        1330
        1233
        1210
        1337
        1249
        1271
        1366
        1234
        1263
        1187
        1310
        1315
        1305
        1289
        1294
        1224
        1276
        1253
        1305
        1315
        1247
        1260
        1244
        1199
        1258
        1275
        1255
        1272
        1278
        1285
        1283
        1288
        1285
        1241
        1345
        1232
        1290
        1313
        1264
        1236
        1268
        1228
        1341
        1294
        1278
        1238
        1290
        1241
        1203
        1246
        1226
        1309
        1303
        1316
        1304
        1276
        1252
        1243
        1329
        1243
        1229
        1326
        1278
        1254
        1263
        1256
        1292
        1297
        1223
        1299
        1271
        1305
        1261
        1228
        1248
        1274
        1241
        1249
        1254
        1267
        1278
        1299
        1207
        1326
        1289
        1293
        1261
        1273
        1314
        1256
        1256
        1282
        1281
        1249
        1216
        1245
        1217
        1308
        1316
        1254
        1300
        1276
        1253
        1285
        1188
        1263
        1285
        1260
        1299
        1260
        1197
        1243
        1283
        1317
        1215
        1312
        1258
        1295
        1356
        1306
        1251
        1296
        1325
        1245
        1314
        1290
        1240
        1301
        1279
        1370
        1296
        1273
        1293
        1272
        1316
        1251
        1318
        1263
        1238
        1237
        1317
        1251
        1286
        1252
        1335
        1291
        1182
        1268
        1334
        1327
        1344
        1273
        1298
        1319
        1317
        1264
        1360
        1342
        1283
        1291
        1337
        1270
        1277
        1314
        1299
        1244
        1259
        1245
        1276
        1246
        1271
        1300
        1289
        1353
        1289
        1269
        1346
        1246
        1264
        1305
        1222
        1353
        1272
        1259
        1352
        1330
        1244
        1224
        1367
        1278
        1229
        1278
        1323
        1275
        1282
        1329
        1227
        1236
        1278
        1314
        1333
        1358
        1268
        1287
        1326
        1300
        1336
        1342
        1234
        1312
        1286
        1303
        1314
        1251
        1271
        1280
        1299
        1344
        1286
        1301
        1255
        1325
        1239
        1328
        1300
        1311
        1216
        1269
        1290
        1297
        1325
        1287
        1309
        1299
        1315
        1394
        1303
        1324
        1249
        1288
        1279
        1350
        1261
        1311
        1297
        1312
        1349
        1310
        1299
        1339
        1226
        1292
        1242
        1290
        1294
        1310
        1311
        1299
        1298
        1289
        1353
        1264
        1308
        1257
        1230
        1262
        1291
        1340
        1282
        1327
        1273
        1248
        1325
        1324
        1290
        1238
        1318
        1367
        1293
        1304
        1279
        1234
        1282
        1273
        1316
        1279
        1302
        1269
        1269
        1268
        1324
        1320
        1312
        1305
        1346
        1320
        1218
        1312
        1397
        1381
        1296
        1244
        1207
        1282
        1250
        1305
        1269
        1330
        1243
        1303
        1285
        1300
        1357
        1261
        1280
        1290
        1343
        1312
        1317
        1274
        1304
        1317
        1305
        1284
        1344
        1256
        1331
        1384
        1311
        1270
        1326
        1289
        1320
        1294
        1296
        1307
        1300
        1314
        1310
        1286
        1314
        1256
        1266
        1274
        1288
        1276
        1340
        1307
        1264
        1311
        1281
        1260
        1329
        1260
        1294
        1311
        1306
        1242
        1299
        1258
        1316
        1314
        1302
        1280
        1299
        1340
        1246
        1260
        1299
        1391
        1241
        1330
        1317
        1248
        1312
        1262
        1271
        1332
        1324
        1330
        1356
        1307
        1285
        1386
        1283
        1282
        1245
        1342
        1276
        1271
        1272
        1285
        1240
        1340
        1344
        1365
        1318
        1298
        1314
        1293
        1309
        1320
        1316
        1239
        1259
        1266
        1319
        1339
        1301
        1282
        1333
        1282
        1326
        1342
        1304
        1285
        1298
        1289
        1245
        1248
        1273
        1284
        1263
        1379
        1306
        1316
        1264
        1348
        1288
        1331
        1414
        1322
        1310
        1338
        1375
        1367
        1320
        1253
        1300
        1310
        1248
        1347
        1358
        1315
        1339
        1327
        1298
        1353
        1368
        1295
        1297
        1368
        1362
        1312
        1348
        1274
        1294
        1296
        1281
        1305
        1307
        1388
        1356
        1287
        1326
        1375
        1373
        1298
        1332
        1278
        1294
        1340
        1312
        1350
        1280
        1284
        1340
        1260
        1302
        1347
        1320
        1324
        1397
        1350
        1370
        1347
        1347
        1324
        1380
        1361
        1288
        1395
        1320
        1366
        1300
        1294
        1395
        1356
        1293
        1279
        1328
        1288
        1327
        1358
        1358
        1247
        1339
        1409
        1272
        1297
        1313
        1321
        1363
        1288
        1293
        1315
        1330
        1373
        1364
        1358
        1307
        1344
        1382
        1377
        1337
        1374
        1322
        1344
        1391
        1352
        1318
        1389
        1342
        1345
        1321
        1359
        1320
        1387
        1377
        1356
        1293
        1333
        1374
        1321
        1436
        1365
        1327
        1354
        1303
        1387
        1426
        1397
        1347
        1353
        1336
        1356
        1438
        1356
        1318
        1374
        1316
        1489
        1349
        1409
        1282
        1369
        1348
        1357
        1370
        1376
        1369
        1351
        1424
        1428
        1424
        1345
        1327
        1397
        1422
        1368
        1435
        1418
        1343
        1440
        1362
        1379
        1414
        1376
        1431
        1446
        1456
        1406
        1432
        1446
        1397
        1385
        1467
        1362
        1363
        1448
        1410
        1377
        1363
        1436
        1370
        1380
        1337
        1412
        1435
        1444
        1458
        1420
        1390
        1457
        1411
        1420
        1427
        1415
        1442
        1385
        1520
        1418
        1527
        1453
        1483
        1428
        1479
        1444
        1506
        1449
        1457
        1486
        1494
        1475
        1468
        1536
        1510
        1579
        1635
        1572
        1605
        1589
        1560
        1599
        1648
        1617
        1600
        1723
        1700
        1749
        1757
        1808
        1842
        1903
        2010
        1983
        2078
        2169
        2110
        2235
        2372
        2478
        2608
        2800
        2896
        3159
        3307
        3569
        3938
        4273
        4660
        4965
        5495
        5959
        6556
        7288
        7812
        8643
        9512
        10579
        11663
        12600
        13889
        15274
        16784
        18729
        20493
        22409
        24327
        26437
        28802
        31262
        34443
        36948
        40276
        43242
        46389
        49515
        54018
        57416
        60991
        65339
        69926
        74310
        78276
        82822
        87511
        92288
        96907
        101040
        105535
        110600
        115867
        119779
        124457
        129152
        132913
        136622
        141389
        145331
        148908
        152312
        155760
        159083
        162286
        165179
        167695
        170024
        171296
        172486
        174239
        176554
        176710
        178119
        178402
        178487
        178327
        179573
        178005
        177560
        176885
        176182
        175348
        174325
        173459
        171256
        169522
        167735
        166325
        164702
        161487
        160405
        158208
        155452
        153713
        151062
        148989
        146498
        144782
        142807
        140068
        138155
        136091
        133650
        131228
        128834
        126904
        124504
        122098
        119996
        117538
        116737
        114165
        111746
        110887
        107777
        106267
        104829
        103046
        101554
        99508
        97852
        96517
        94012
        92534
        91558
        89575
        88116
        87068
        85648
        84049
        82960
        81128
        80557
        79124
        77707
        76363
        74716
        74594
        72558
        71760
        70735
        69480
        68895
        67798
        66795
        65536
        64074
        63326
        62627
        61770
        60926
        59959
        58917
        58373
        57300
        56556
        55727
        54971
        53840
        53313
        52659
        51898
        51058
        50396
        49865
        49289
        48408
        47712
        47398
        46371
        46062
        45585
        44709
        44116
        43684
        42860
        42704
        42017
        41506
        40501
        40303
        39830
        38964
        38674
        38066
        37266
        36984
        36941
        36335
        36268
        35502
        35119
        34571
        34222
        33744
        33354
        32833
        32359
        31775
        31899
        31377
        31082
        30419
        30256
        29633
        29441
        29485
        28830
        28573
        28174
        27828
        27214
        26886
        27103
        26736
        26261
        26139
        25752
        25471
        25083
        24937
        24482
        24314
        23861
        23848
        23401
        23320
        23030
        22903
        22637
        22136
        22054
        21850
        21598
        21488
        21015
        20819
        20738
        20262
        20408
        20184
        19913
        19761
        19511
        19444
        19170
        18912
        18444
        18417
        18594
        18137
        17885
        17699
        17766
        17488
        17504
        17336
        16897
        16783
        16775
        16749
        16353
        16447
        15915
        16007
        15878
        15640
        15519
        15263
        15333
        15212
        14940
        14717
        14497
        14637
        14231
        14503
        14378
        14052
        13988
        14168
        13819
        13633
        13610
        13646
        13556
        13019
        13201
        12833
        13151
        13004
        12859
        12632
        12444
        12421
        12578
        12328
        12219
        12064
        11941
        11734
        11821
        11751
        11657
        11587
        11354
        11283
        11333
        11278
        11112
        10917
        10926
        10878
        10724
        10606
        10540
        10742
        10604
        10534
        10278
        10450
        10199
        10264
        10162
        10011
        9888
        9980
        9791
        9921
        9869
        9820
        9616
        9693
        9609
        9583
        9440
        9351
        9233
        9128
        9032
        9004
        9163
        9138
        9055
        9134
        9195
        8912
        8562
        8707
        8776
        8660
        8438
        8542
        8721
        8677
        8531
        8383
        8354
        8332
        8172
        8358
        8172
        8172
        8046
        8133
        8102
        7809
        7946
        7994
        7768
        7815
        7845
        7935
        7834
        7605
        7712
        7482
        7515
        7680
        7558
        7760
        7408
        7397
        7572
        7412
        7391
        7298
        7256
        7304
        7221
        7339
        7390
        7272
        7155
        7291
        7039
        7051
        7084
        7135
        7148
        7053
        6988
        6899
        6864
        6981
        6847
        6805
        6779
        6828
        6679
        6730
        6769
        6710
        6531
        6656
        6545
        6708
        6681
        6693
        6699
        6581
        6678
        6520
        6522
        6526
        6454
        6455
        6468
        6377
        6379
        6413
        6393
        6291
        6383
        6307
        6366
        6305
        6377
        6356
        6345
        6132
        6173
        6239
        6089
        6076
        6129
        6197
        6025
        6001
        6010
        5986
        6014
        6074
        6099
        6012
        6040
        5954
        5893
        5949
        5830
        5974
        5914
        5849
        5846
        5898
        5711
        5752
        5848
        5706
        5758
        5744
        5701
        5635
        5863
        5738
        5635
        5725
        5553
        5691
        5632
        5432
        5525
        5543
        5580
        5412
        5536
        5492
        5380
        5486
        5418
        5688
        5336
        5521
        5300
        5314
        5310
        5342
        5394
        5442
        5266
        5358
        5178
        5211
        5402
        5304
        5244
        5260
        5269
        5318
        5224
        5207
        5121
        5307
        5096
        5172
        5235
        5182
        5198
        5090
        5072
        5125
        5169
        5049
        5044
        4998
        5118
        5017
        5116
        5123
        4890
        5172
        4984
        4946
        4935
        4938
        4869
        4934
        4983
        4942
        4844
        4920
        4956
        5016
        4781
        4907
        4798
        4957
        4897
        4872
        4868
        4851
        4786
        4681
        4828
        4832
        4774
        4743
        4633
        4727
        4750
        4681
        4692
        4637
        4654
        4716
        4708
        4616
        4617
        4627
        4633
        4549
        4655
        4511
        4663
        4672
        4814
        4470
        4653
        4562
        4543
        4545
        4438
        4541
        4481
        4592
        4530
        4478
        4441
        4496
        4596
        4517
        4522
        4530
        4540
        4398
        4431
        4523
        4464
        4592
        4343
        4361
        4389
        4403
        4507
        4410
        4438
        4316
        4367
        4475
        4382
        4343
        4281
        4400
        4446
        4429
        4375
        4347
        4303
        4270
        4323
        4376
        4313
        4321
        4334
        4317
        4358
        4316
        4283
        4321
        4313
        4326
        4191
        4205
        4045
        4147
        4242
        4230
        4142
        4183
        4193
        4246
        4195
        4135
        4095
        4175
        4244
        4204
        4243
        4047
        4069
        3998
        4225
        3984
        4018
        4100
        4169
        4098
        4137
        3995
        4101
        4118
        4129
        3995
        4034
        3980
        4113
        3978
        3993
        3871
        4014
        4008
        4071
        3947
        3981
        4017
        4106
        3930
        3869
        3922
        3953
        3922
        3904
        3970
        3894
        4013
        3937
        3872
        3870
        3943
        3869
        3902
        3858
        3971
        3852
        3951
        3881
        3860
        3875
        3887
        3888
        3974
        3762
        3816
        3840
        3825
        3845
        3803
        3801
        3810
        3813
        3886
        3818
        3913
        3756
        3698
        3846
        3762
        3722
        3767
        3823
        3777
        3732
        3841
        3809
        3644
        3651
        3882
        3797
        3718
        3744
        3623
        3634
        3754
        3744
        3580
        3738
        3588
        3680
        3576
        3747
        3666
        3818
        3664
        3619
        3559
        3674
        3596
        3499
        3672
        3592
        3691
        3574
        3648
        3568
        3790
        3677
        3533
        3629
        3649
        3624
        3576
        3618
        3592
        3545
        3621
        3497
        3521
        3622
        3475
        3516
        3643
        3516
        3524
        3571
        3554
        3456
        3516
        3525
        3511
        3422
        3502
        3515
        3459
        3491
        3459
        3377
        3519
        3564
        3559
        3309
        3405
        3472
        3431
        3497
        3506
        3423
        3429
        3433
        3503
        3398
        3513
        3381
        3559
        3404
        3556
        3404
        3439
        3422
        3477
        3357
        3496
        3358
        3357
        3374
        3425
        3330
        3341
        3404
        3420
        3286
        3384
        3319
        3448
        3272
        3265
        3437
        3304
        3319
        3342
        3390
        3291
        3326
        3291
        3279
        3256
        3326
        3358
        3347
        3281
        3217
        3341
        3290
        3309
        3390
        3341
        3384
        3353
        3259
        3336
        3188
        3200
        3201
        3255
        3296
        3386
        3175
        3181
        3229
        3265
        3322
        3176
        3219
        3100
        3108
        3136
        3177
        3201
        3193
        3105
        3171
        3184
        3265
        3187
        3176
        3212
        3106
        3199
        3088
        3119
        3133
        3067
        3173
        3162
        3100
        3134
        3248
        3129
        3147
        3148
        3152
        3020
        3082
        3138
        3158
        3103
        3037
        2979
        3100
        3182
        3143
        3148
        3072
        3092
        3116
        3087
        3050
        3044
        3011
        3084
        3135
        3094
        3077
        2974
        2959
        2918
        2976
        3005
        2993
        3075
        3084
        3014
        2995
        3084
        2934
        2969
        3038
        2961
        2862
        2904
        3089
        2963
        2963
        2967
        2897
        3001
        2927
        2982
        2975
        2944
        2984
        2867
        3071
        2998
        2988
        2910
        2892
        2930
        2944
        3011
        2966
        2953
        2999
        3023
        2968
        2810
        2920
        2795
        2906
        2804
        2937
        2907
        2942
        2880
        2955
        2870
        2925
        2993
        2860
        2839
        2851
        2785
        2870
        2884
        2754
        2838
        2859
        2834
        2878
        2790
        2843
        2850
        2779
        2858
        2802
        2840
        2788
        2942
        2814
        2854
        2786
        2821
        2866
        2952
        2896
        2873
        2737
        2786
        2832
        2777
        2672
        2796
        2812
        2767
        2765
        2763
        2723
        2749
        2750
        2731
        2734
        2777
        2621
        2841
        2828
        2724
        2841
        2730
        2777
        2791
        2749
        2709
        2686
        2774
        2811
        2728
        2716
        2824
        2715
        2672
        2670
        2728
        2753
        2683
        2710
        2696
        2757
        2727
        2692
        2806
        2734
        2624
        2739
        2662
        2760
        2755
        2727
        2705
        2639
        2612
        2675
        2707
        2732
        2638
        2641
        2628
        2651
        2664
        2555
        2659
        2641
        2586
        2682
        2523
        2626
        2655
        2567
        2658
        2653
        2710
        2602
        2563
        2545
        2606
        2587
        2666
        2595
        2570
        2579
        2577
        2652
        2570
        2705
        2643
        2560
        2581
        2639
        2622
        2565
        2524
        2613
        2448
        2568
        2505
        2535
        2624
        2603
        2535
        2531
        2633
        2501
        2587
        2576
        2652
        2552
        2510
        2544
        2538
        2496
        2515
        2505
        2513
        2553
        2540
        2536
        2546
        2562
        2533
        2575
        2574
        2513
        2468
        2485
        2523
        2449
        2470
        2559
        2562
        2522
        2495
        2476
        2538
        2460
        2500
        2494
        2438
        2493
        2486
        2476
        2535
        2366
        2490
        2594
        2535
        2461
        2526
        2532
        2470
        2449
        2572
        2435
        2360
        2408
        2509
        2449
        2425
        2519
        2430
        2388
        2482
        2365
        2396
        2394
        2356
        2404
        2473
        2365
        2364
        2470
        2391
        2362
        2400
        2404
        2320
        2496
        2432
        2388
        2392
        2295
        2380
        2388
        2462
        2432
        2395
        2345
        2359
        2394
        2400
        2392
        2380
        2362
        2339
        2324
        2395
        2339
        2382
        2300
        2408
        2338
        2393
        2319
        2300
        2320
        2337
        2440
        2246
        2359
        2429
        2502
        2381
        2379
        2322
        2255
        2380
        2337
        2457
        2473
        2444
        2271
        2320
        2322
        2256
        2261
        2320
        2363
        2305
        2198
        2259
        2315
        2331
        2330
        2295
        2377
        2298
        2258
        2206
        2347
        2250
        2259
        2303
        2279
        2308
        2216
        2404
        2270
        2301
        2286
        2236
        2365
        2263
        2313
        2262
        2322
        2325
        2184
        2280
        2335
        2210
        2300
        2261
        2298
        2343
        2368
        2300
        2265
        2175
        2265
        2243
        2171
        2327
        2270
        2233
        2252
        2226
        2282
        2170
        2317
        2256
        2252
        2150
        2153
        2225
        2292
        2255
        2330
        2248
        2237
        2190
        2158
        2151
        2210
        2243
        2163
        2288
        2220
        2223
        2202
        2187
        2201
        2261
        2193
        2140
        2142
        2206
        2241
        2206
        2282
        2236
        2287
        2106
        2082
        2161
        2290
        2145
        2243
        2207
        2163
        2189
        2234
        2133
        2191
        2203
        2270
        2111
        2206
        2166
        2257
        2132
        2078
        2249
        2163
        2136
        2148
        2159
        2118
        2134
        2192
        2143
        2207
        2160
        2128
        2178
        2086
        2073
        2159
        2180
        2096
        2145
        2200
        2149
        2068
        2185
        2141
        2122
        2085
        2010
        2155
        2163
        2146
        2088
        2180
        2164
        2192
        2114
        2088
        2138
        2058
        2065
        2111
        2156
        2215
        2136
        2102
        2031
        2118
        2113
        2113
        2098
        2023
        2155
        2072
        2081
        2079
        2103
        2064
        2073
        2132
        2086
        2073
        2109
        2123
        2099
        2075
        2106
        2039
        2172
        2102
        2078
        2147
        2026
        2016
        2150
        2085
        2176
        2063
        2176
        2100
        2038
        2094
        2026
        2014
        2126
        2050
        2010
        2082
        1988
        1938
        2046
        2056
        2100
        1988
        2054
        2028
        2011
        1967
        2008
        2082
        2029
        2036
        2041
        2000
        2028
        1943
        1967
        1982
        2027
        2064
        2079
        2045
        2072
        1991
        1993
        1992
        2047
        1969
        2001
        2019
        2083
        1993
        1953
        2036
        1962
        1964
        1908
        2026
        1909
        1962
        1938
        1929
        1980
        1990
        1974
        1960
        2030
        2005
        2001
        1937
        1950
        1997
        2108
        1969
        1912
        1975
        2046
        1959
        1983
        1951
        1963
        2072
        1997
        1984
        1916
        2009
        1998
        1998
        1985
        1940
        1965
        1952
        1916
        1970
        2012
        1962
        1943
        1907
        1988
        1979
        1915
        2087
        1943
        2025
        1964
        2000
        2078
        1898
        1969
        1942
        1976
        1990
        1834
        2014
        1984
        1971
        1972
        1996
        1914
        1958
        1947
        1901
        1973
        1917
        1917
        1938
        1944
        1886
        1932
        1926
        1914
        1914
        1930
        1985
        1977
        1959
        1960
        1941
        1920
        1928
        1872
        1897
        1993
        2008
        1903
        1983
        1917
        1916
        2016
        1980
        1905
        1902
        1915
        1892
        1938
        1910
        1874
        1859
        1887
        1923
        1911
        1913
        1889
        1894
        1934
        1912
        1926
        1892
        1838
        1873
        1885
        1925
        1899
        1920
        2012
        1970
        1886
        1895
        1802
        1842
        1906
        1823
        1837
        1868
        1849
        1886
        1951
        1830
        1903
        1881
        1938
        1838
        1889
        1799
        1861
        1853
        1904
        1922
        1945
        1914
        1880
        1874
        1753
        1889
        1901
        1811
        1934
        1838
        1859
        1883
        1858
        1822
        1886
        1915
        1903
        1828
        1812
        1855
        1753
        1888
        1819
        1837
        1836
        1843
        1788
        1791
        1851
        1820
        1834
        1852
        1799
        1759
        1899
        1781
        1866
        1745
        1836
        1850
        1845
        1733
        1923
        1802
        1835
        1850
        1887
        1753
        1776
        1841
        1805
        1812
        1800
        1827
        1828
        1805
        1822
        1783
        1829
        1795
        1862
        1865
        1807
        1825
        1857
        1843
        1765
        1776
        1759
        1807
        1783
        1788
        1762
        1828
        1764
        1779
        1791
        1826
        1773
        1777
        1702
        1752
        1762
        1797
        1746
        1820
        1752
        1822
        1778
        1845
        1816
        1741
        1696
        1806
        1709
        1855
        1740
        1667
        1744
        1753
        1806
        1806
        1802
        1805
        1802
        1759
        1805
        1705
        1714
        1723
        1713
        1795
        1817
        1764
        1696
        1726
        1768
        1783
        1707
        1763
        1752
        1735
        1795
        1757
        1749
        1750
        1812
        1766
        1770
        1730
        1757
        1687
        1769
        1711
        1740
        1731
        1726
        1810
        1784
        1682
        1710
        1707
        1689
        1742
        1677
        1722
        1778
        1778
        1755
        1688
        1741
        1659
        1761
        1774
        1714
        1776
        1694
        1688
        1701
        1706
        1724
        1718
        1710
        1765
        1731
        1815
        1724
        1742
        1761
        1713
        1647
        1755
        1664
        1760
        1630
        1653
        1715
        1667
        1691
        1744
        1708
        1674
        1677
        1651
        1714
        1708
        1727
        1715
        1629
        1719
        1736
        1655
        1667
        1725
        1650
        1675
        1758
        1611
        1676
        1684
        1724
        1666
        1714
        1712
        1626
        1745
        1706
        1653
        1703
        1701
        1703
        1620
        1696
        1687
        1701
        1633
        1687
        1676
        1672
        1620
        1702
        1663
        1621
        1710
        1602
        1633
        1715
        1720
        1511
        1671
        1749
        1597
        1677
        1722
        1657
        1715
        1619
        1663
        1619
        1642
        1718
        1670
        1629
        1619
        1636
        1653
        1625
        1624
        1596
        1671
        1713
        1704
        1612
        1637
        1706
        1645
        1653
        1758
        1644
        1654
        1715
        1625
        1642
        1666
        1632
        1626
        1657
        1707
        1670
        1662
        1605
        1611
        1679
        1649
        1590
        1565
        1621
        1668
        1603
        1639
        1701
        1624
        1649
        1607
        1634
        1647
        1715
        1626
        1603
        1613
        1645
        1654
        1644
        1655
        1618
        1653
        1585
        1685
        1599
        1597
        1629
        1691
        1664
        1663
        1637
        1654
        1632
        1611
        1571
        1612
        1622
        1620
        1609
        1622
        1606
        1633
        1621
        1605
        1649
        1565
        1650
        1615
        1637
        1674
        1662
        1676
        1534
        1590
        1627
        1629
        1627
        1565
        1694
        1558
        1639
        1611
        1601
        1662
        1541
        1634
        1603
        1569
        1591
        1636
        1694
        1566
        1561
        1607
        1654
        1615
        1603
        1562
        1597
        1689
        1646
        1628
        1653
        1646
        1625
        1523
        1590
        1585
        1634
        1615
        1603
        1614
        1555
        1578
        1651
        1552
        1599
        1544
        1593
        1672
        1558
        1598
        1596
        1636
        1544
        1541
        1571
        1584
        1651
        1618
        1605
        1548
        1585
        1624
        1578
        1569
        1576
        1538
        1564
        1547
        1581
        1521
        1519
        1555
        1579
        1485
        1557
        1571
        1604
        1589
        1600
        1606
        1509
        1545
        1524
        1559
        1598
        1535
        1611
        1584
        1511
        1570
        1529
        1562
        1582
        1543
        1534
        1550
        1618
        1580
        1585
        1600
        1525
        1532
        1526
        1571
        1483
        1537
        1594
        1635
        1519
        1506
        1563
        1583
        1634
        1483
        1510
        1590
        1492
        1536
        1597
        1490
        1530
        1560
        1561
        1576
        1558
        1543
        1567
        1660
        1512
        1443
        1555
        1521
        1513
        1494
        1492
        1547
        1557
        1586
        1513
        1535
        1533
        1600
        1500
        1527
        1538
        1548
        1511
        1548
        1487
        1519
        1479
        1574
        1484
        1549
        1585
        1517
        1520
        1551
        1656
        1507
        1557
        1480
        1528
        1542
        1512
        1627
        1597
        1554
        1592
        1516
        1514
        1490
        1472
        1469
        1536
        1525
        1526
        1473
        1490
        1482
        1463
        1479
        1475
        1563
        1526
        1556
        1536
        1559
        1445
        1471
        1525
        1494
        1541
        1556
        1569
        1554
        1544
        1476
        1542
        1523
        1523
        1638
        1581
        1492
        1520
        1629
        1513
        1470
        1509
        1468
        1570
        1519
        1448
        1506
        1514
        1541
        1505
        1473
        1515
        1510
        1526
        1461
        1424
        1521
        1514
        1510
        1544
        1524
        1496
        1487
        1512
        1530
        1488
        1558
        1559
        1508
        1455
        1550
        1567
        1572
        1553
        1548
        1502
        1518
        1551
        1533
        1458
        1514
        1499
        1450
        1498
        1547
        1518
        1541
        1470
        1541
        1485
        1499
        1513
        1521
        1480
        1524
        1497
        1506
        1420
        1497
        1499
        1538
        1517
        1461
        1462
        1507
        1575
        1483
        1436
        1529
        1473
        1415
        1547
        1558
        1525
        1546
        1491
        1486
        1524
        1493
        1475
        1466
        1543
        1487
        1445
        1457
        1493
        1509
        1485
        1425
        1472
        1509
        1488
        1488
        1469
        1530
        1457
        1481
        1461
        1512
        1535
        1513
        1460
        1494
        1474
        1511
        1464
        1432
        1613
        1533
        1498
        1497
        1518
        1471
        1477
        1501
        1479
        1504
        1478
        1446
        1476
        1545
        1460
        1411
        1479
        1491
        1498
        1445
        1504
        1427
        1496
        1486
        1505
        1468
        1546
        1491
        1499
        1526
        1508
        1440
        1493
        1502
        1442
        1527
        1481
        1499
        1479
        1499
        1506
        1462
        1429
        1453
        1475
        1510
        1422
        1493
        1467
        1520
        1432
        1499
        1447
        1418
        1489
        1448
        1482
        1490
        1404
        1542
        1500
        1496
        1429
        1429
        1509
        1452
        1484
        1454
        1476
        1468
        1475
        1431
        1505
        1460
        1481
        1476
        1484
        1436
        1494
        1436
        1491
        1439
        1412
        1509
        1401
        1522
        1426
        1447
        1421
        1451
        1405
        1442
        1464
        1480
        1433
        1418
        1617
        1453
        1432
        1434
        1457
        1535
        1402
        1482
        1390
        1391
        1459
        1358
        1438
        1436
        1514
        1436
        1497
        1416
        1388
        1413
        1408
        1438
        1456
        1420
        1524
        1490
        1458
        1412
        1431
        1446
        1458
        1456
        1445
        1388
        1440
        1464
        1434
        1409
        1441
        1430
        1472
        1512
        1409
        1448
        1445
        1514
        1494
        1406
        1381
        1431
        1415
        1366
        1476
        1436
        1488
        1453
        1435
        1488
        1452
        1515
        1412
        1436
        1422
        1304
        1457
        1495
        1401
        1407
        1438
        1409
        1349
        1387
        1401
        1423
        1450
        1442
        1441
        1411
        1388
        1436
        1433
        1477
        1330
        1445
        1378
        1334
        1467
        1438
        1369
        1433
        1394
        1454
        1408
        1391
        1466
        1420
        1428
        1454
        1482
        1493
        1420
        1420
        1400
        1420
        1450
        1426
        1478
        1463
        1447
        1388
        1422
        1453
        1455
        1515
        1423
        1378
        1470
        1415
        1398
        1443
        1389
        1454
        1408
        1375
        1400
        1442
        1411
        1437
        1460
        1439
        1404
        1419
        1430
        1466
        1363
        1398
        1502
        1429
        1431
        1378
        1431
        1443
        1448
        1379
        1415
        1437
        1374
        1403
        1423
        1482
        1394
        1373
        1379
        1382
        1447
        1436
        1426
        1418
        1425
        1469
        1391
        1316
        1360
        1339
        1397
        1443
        1437
        1464
        1380
        1390
        1439
        1444
        1340
        1379
        1448
        1480
        1426
        1405
        1476
        1447
        1457
        1400
        1474
        1373
        1437
        1378
        1350
        1406
        1451
        1364
        1417
        1451
        1371
        1425
        1440
        1448
        1423
        1483
        1450
        1416
        1425
        1383
        1386
        1395
        1376
        1451
        1403
        1401
        1344
        1383
        1429
        1381
        1407
        1404
        1403
        1380
        1428
        1398
        1401
        1391
        1425
        1452
        1396
        1373
        1403
        1351
        1400
        1375
        1372
        1440
        1424
        1387
        1357
        1349
        1350
        1434
        1367
        1392
        1391
        1450
        1417
        1388
        1493
        1424
        1468
        1427
        1325
        1345
        1332
        1449
        1397
        1425
        1407
        1436
        1349
        1488
        1328
        1386
        1409
        1380
        1312
        1426
        1412
        1462
        1382
        1398
        1368
        1449
        1459
        1383
        1393
        1409
        1485
        1391
        1335
        1404
        1389
        1313
        1419
        1444
        1393
        1442
        1334
        1382
        1336
        1399
        1353
        1380
        1382
        1466
        1454
        1332
        1466
        1404
        1403
        1422
        1417
        1355
        1390
        1387
        1384
        1406
        1339
        1401
        1390
        1334
        1378
        1441
        1399
        1408
        1445
        1371
        1400
        1376
        1341
        1393
        1348
        1416
        1434
        1355
        1441
        1384
        1345
        1385
        1387
        1358
        1425
        1304
        1398
        1437
        1355
        1455
        1383
        1358
        1344
        1356
        1422
        1356
        1461
        1391
        1382
        1278
        1373
        1360
        1365
        1314
        1375
        1380
        1343
        1408
        1316
        1405
        1361
        1323
        1404
        1368
        1388
        1359
        1322
        1288
        1368
        1371
        1296
        1399
        1336
        1387
        1389
        1413
        1362
        1340
        1374
        1404
        1392
        1377
        1346
        1373
        1395
        1406
        1341
        1421
        1311
        1361
        1401
        1332
        1376
        1393
        1340
        1398
        1344
        1349
        1354
        1364
        1392
        1388
        1349
        1354
        1410
        1328
        1372
        1326
        1399
        1339
        1337
        1323
        1399
        1332
        1348
        1319
        1393
        1355
        1380
        1368
        1354
        1350
        1331
        1328
        1370
        1329
        1339
        1356
        1341
        1375
        1335
        1325
        1384
        1365
        1324
        1419
        1372
        1378
        1416
        1337
        1330
        1426
        1343
        1348
        1398
        1350
        1427
        1340
        1421
        1386
        1316
        1321
        1369
        1412
        1365
        1352
        1368
        1352
        1420
        1367
        1414
        1324
        1390
        1397
        1308
        1392
        1368
        1328
        1361
        1420
        1343
        1422
        1341
        1336
        1393
        1338
        1442
        1371
        1380
        1322
        1311
        1352
        1368
        1384
        1447
        1376
        1370
        1346
        1400
        1357
        1398
        1388
        1335
        1316
        1361
        1409
        1341
        1354
        1373
        1367
        1359
        1338
        1357
        1376
        1424
        1307
        1395
        1298
        1387
        1438
        1395
        1350
        1428
        1367
        1389
        1300
        1338
        1379
        1357
        1326
        1309
        1389
        1358
        1401
        1350
        1321
        1379
        1354
        1388
        1356
        1295
        1282
        1392
        1389
        1338
        1380
        1390
        1324
        1412
        1389
        1387
        1365
        1328
        1437
        1308
        1336
        1388
        1367
        1327
        1303
        1395
        1350
        1376
        1389
        1339
        1319
        1325
        1333
        1368
        1397
        1350
        1349
        1335
        1358
        1357
        1333
        1302
        1361
        1423
        1367
        1324
        1428
        1416
        1354
        1380
        1304
        1303
        1375
        1437
        1479
        1324
        1388
        1384
        1333
        1310
        1307
        1402
        1369
        1356
        1326
        1378
        1362
        1332
        1437
        1444
        1373
        1332
        1410
        1354
        1347
        1344
        1459
        1394
        1394
        1414
        1348
        1335
        1342
        1356
        1334
        1386
        1383
        1312
        1290
        1339
        1363
        1409
        1416
        1332
        1282
        1332
        1317
        1360
        1452
        1405
        1354
        1336
        1331
        1401
        1308
        1304
        1376
        1388
        1348
        1334
        1381
        1342
        1382
        1304
        1367
        1378
        1361
        1360
        1403
        1319
        1373
        1346
        1276
        1341
        1351
        1266
        1353
        1297
        1322
        1388
        1297
        1343
        1303
        1315
        1340
        1327
        1339
        1347
        1336
        1417
        1307
        1347
        1310
        1354
        1301
        1314
        1427
        1400
        1330
        1349
        1332
        1336
        1307
        1312
        1371
        1311
        1346
        1302
        1308
        1361
        1349
        1360
        1321
        1341
        1365
        1372
        1325
        1322
        1318
        1372
        1241
        1306
        1331
        1290
        1335
        1359
        1324
        1314
        1347
        1316
        1350
        1395
        1354
        1370
        1363
        1306
        1263
        1353
        1308
        1274
        1289
        1330
        1336
        1261
        1279
        1305
        1416
        1256
        1369
        1335
        1355
        1360
        1350
        1353
        1357
        1337
        1340
        1359
        1250
        1376
        1346
        1304
        1313
        1343
        1297
        1278
        1311
        1352
        1300
        1335
        1316
        1359
        1336
        1340
        1395
        1364
        1319
        1385
        1320
        1310
        1295
        1273
        1289
        1274
        1272
        1370
        1337
        1393
        1317
        1341
        1388
        1404
        1382
        1312
        1387
        1374
        1409
        1306
        1330
        1343
        1375
        1272
        1359
        1345
        1315
        1331
        1278
        1322
        1294
        1329
        1307
        1315
        1298
        1303
        1296
        1363
        1313
        1306
        1333
        1350
        1387
        1326
        1294
        1343
        1349
        1292
        1364
        1310
        1360
        1378
        1394
        1330
        1279
        1317
        1301
        1300
        1332
        1366
        1399
        1302
        1412
        1324
        1371
        1291
        1358
        1270
        1321
        1340
        1285
        1369
        1333
        1346
        1285
        1327
        1353
        1350
        1409
        1274
        1331
        1318
        1363
        1351
        1331
        1312
        1364
        1335
        1350
        1339
        1402
        1383
        1366
        1408
        1383
        1263
        1339
        1347
        1367
        1353
        1349
        1310
        1301
        1350
        1333
        1336
        1337
        1362
        1423
        1301
        1459
        1382
        1334
        1349
        1299
        1353
        1304
        1385
        1354
        1314
        1330
        1386
        1357
        1377
        1311
        1338
        1286
        1354
        1323
        1304
        1373
        1318
        1309
        1371
        1397
        1353
        1288
        1392
        1338
        1393
        1265
        1351
        1306
        1311
        1375
        1314
        1306
        1333
        1312
        1340
        1282
        1335
        1341
        1386
        1417
        1310
        1354
        1331
        1300
        1352
        1379
        1326
        1371
        1358
        1381
        1381
        1402
        1421
        1383
        1369
        1282
        1285
        1327
        1364
        1296
        1325
        1332
        1335
        1310
        1268
        1294
        1359
        1347
        1312
        1290
        1341
        1314
        1323
        1362
        1273
        1332
        1318
        1380
        1374
        1325
        1301
        1399
        1279
        1301
        1341
        1365
        1265
        1329
        1294
        1338
        1311
        1310
        1278
        1360
        1353
        1314
        1387
        1293
        1340
        1341
        1371
        1300
        1337
        1341
        1304
        1361
        1408
        1331
        1336
        1398
        1328
        1319
        1311
        1310
        1293
        1350
        1279
        1294
        1280
        1325
        1356
        1363
        1289
        1291
        1270
        1301
        1353
        1368
        1327
        1380
        1397
        1372
        1370
        1323
        1328
        1416
        1356
        1349
        1305
        1368
        1313
        1337
        1390
        1316
        1318
        1305
        1371
        1329
        1281
        1221
        1358
        1405
        1354
        1306
        1317
        1315
        1311
        1307
        1281
        1346
        1357
        1260
        1265
        1326
        1337
        1323
        1357
        1327
        1431
        1420
        1325
        1354
        1378
        1270
        1324
        1336
        1308
        1345
        1273
        1319
        1302
        1283
        1311
        1368
        1237
        1300
        1261
        1336
        1315
        1249
        1322
        1297
        1289
        1352
        1381
        1245
        1340
        1282
        1352
        1235
        1304
        1282
        1278
        1318
        1313
        1302
        1300
        1313
        1344
        1401
        1354
        1298
        1317
        1369
        1329
        1262
        1322
        1295
        1302
        1295
        1336
        1290
        1323
        1328
        1259
        1343
        1311
        1329
        1321
        1344
        1303
        1290
        1346
        1339
        1387
        1345
        1341
        1293
        1290
        1293
        1290
        1338
        1269
        1352
        1381
        1437
        1248
        1385
        1343
        1263
        1328
        1353
        1288
        1353
        1353
        1323
        1377
        1317
        1315
        1293
        1335
        1300
        1330
        1374
        1322
        1321
        1313
        1358
        1301
        1301
        1261
        1285
        1381
        1383
        1301
        1479
        1312
        1308
        1352
        1355
        1324
        1253
        1365
        1302
        1332
        1272
        1356
        1306
        1374
        1355
        1268
        1379
        1285
        1296
        1295
        1352
        1335
        1338
        1367
        1304
        1288
        1344
        1249
        1319
        1349
        1356
        1316
        1282
        1335
        1329
        1303
        1307
        1355
        1406
        1321
        1325
        1337
        1319
        1310
        1289
        1321
        1277
        1309
        1345
        1321
        1316
        1285
        1283
        1339
        1332
        1248
        1282
        1337
        1341
        1312
        1351
        1355
        1384
        1302
        1275
        1303
        1348
        1300
        1332
        1323
        1297
        1369
        1300
        1265
        1304
        1288
        1349
        1370
        1393
        1320
        1329
        1267
        1325
        1301
        1295
        1263
        1369
        1332
        1346
        1303
        1390
        1331
        1365
        1341
        1288
        1301
        1307
        1323
        1244
        1310
        1265
        1332
        1314
        1301
        1255
        1247
        1333
        1341
        1313
        1319
        1321
        1372
        1317
        1355
        1326
        1341
        1263
        1352
        1272
        1269
        1309
        1374
        1319
        1298
        1314
        1325
        1322
        1329
        1290
        1291
        1351
        1303
        1348
        1285
        1343
        1326
        1304
        1331
        1243
        1249
        1365
        1260
        1270
        1317
        1299
        1322
        1360
        1305
        1317
        1346
        1337
        1313
        1265
        1376
        1320
        1260
        1349
        1358
        1352
        1279
        1237
        1325
        1331
        1265
        1304
        1351
        1321
        1252
        1246
        1388
        1269
        1290
        1307
        1314
        1291
        1272
        1337
        1281
        1358
        1284
        1293
        1299
        1341
        1286
        1263
        1343
        1294
        1260
        1365
        1306
        1308
        1358
        1316
        1356
        1312
        1335
        1403
        1263
        1268
        1272
        1333
        1345
        1329
        1276
        1228
        1294
        1340
        1316
        1312
        1320
        1246
        1307
        1328
        1311
        1344
        1291
        1305
        1327
        1342
        1309
        1315
        1293
        1252
        1267
        1300
        1190
        1265
        1285
        1287
        1321
        1285
        1293
        1350
        1313
        1329
        1231
        1336
        1312
        1332
        1286
        1296
        1235
        1354
        1344
        1265
        1278
        1297
        1321
        1312
        1297
        1381
        1332
        1313
        1213
        1277
        1260
        1327
        1281
        1399
        1359
        1312
        1277
        1269
        1372
        1305
        1262
        1271
        1316
        1260
        1339
        1271
        1284
        1349
        1332
        1331
        1317
        1252
        1324
        1313
        1344
        1288
        1321
        1294
        1353
        1278
        1307
        1335
        1355
        1226
        1299
        1306
        1249
        1292
        1276
        1334
        1271
        1266
        1306
        1309
        1286
        1336
        1386
        1282
        1326
        1290
        1309
        1310
        1274
        1300
        1321
        1238
        1336
        1318
        1265
        1316
        1248
        1311
        1277
        1287
        1315
        1275
        1316
        1322
        1310
        1290
        1357
        1347
        1226
        1339
        1302
        1304
        1299
        1299
        1301
        1302
        1300
        1292
        1294
        1330
        1277
        1333
        1313
        1310
        1344
        1315
        1278
        1339
        1328
        1252
        1274
        1338
        1348
        1405
        1288
        1285
        1330
        1360
        1266
        1310
        1354
        1284
        1352
        1267
        1301
        1273
        1316
        1280
        1313
        1293
        1292
        1316
        1390
        1358
        1271
        1291
        1371
        1353
        1325
        1273
        1386
        1268
        1326
        1338
        1360
        1299
        1331
        1288
        1333
        1303
        1313
        1313
        1271
        1362
        1293
        1337
        1293
        1327
        1240
        1361
        1290
        1288
        1329
        1316
        1324
        1286
        1300
        1386
        1333
        1267
        1359
        1287
        1266
        1320
        1298
        1368
        1280
        1332
        1302
        1297
        1322
        1331
        1301
        1342
        1375
        1353
        1355
        1285
        1263
        1371
        1318
        1305
        1294
        1270
        1347
        1322
        1354
        1327
        1264
        1281
        1282
        1396
        1391
        1351
        1293
        1309
        1278
        1279
        1381
        1259
        1346
        1280
        1298
        1340
        1299
        1263
        1326
        1302
        1251
        1315
        1339
        1335
        1323
        1287
        1354
        1316
        1295
        1302
        1338
        1351
        1303
        1308
        1310
        1321
        1267
        1323
        1316
        1322
        1327
        1299
        1300
        1302
        1286
        1244
        1367
        1241
        1347
        1272
        1312
        1293
        1299
        1328
        1323
        1220
        1347
        1314
        1305
        1272
        1346
        1269
        1257
        1288
        1272
        1345
        1320
        1316
        1345
        1294
        1304
        1318
        1299
        1339
        1332
        1248
        1286
        1328
        1300
        1307
        1341
        1267
        1378
        1326
        1314
        1335
        1234
        1263
        1328
        1249
        1304
        1323
        1329
        1317
        1291
        1310
        1239
        1354
        1337
        1277
        1306
        1281
        1343
        1325
        1278
        1215
        1324
        1315
        1363
        1293
        1288
        1341
        1275
        1328
        1304
        1251
        1249
        1272
        1357
        1324
        1267
        1334
        1351
        1312
        1324
        1340
        1254
        1274
        1356
        1276
        1253
        1297
        1276
        1276
        1317
        1316
        1352
        1249
        1357
        1318
        1320
        1263
        1286
        1255
        1271
        1297
        1249
        1325
        1325
        1299
        1282
        1274
        1279
        1263
        1276
        1259
        1238
        1260
        1347
        1309
        1304
        1276
        1309
        1255
        1276
        1303
        1255
        1287
        1327
        1228
        1304
        1217
        1288
        1307
        1293
        1241
        1300
        1290
        1322
        1316
        1304
        1407
        1323
        1340
        1283
        1299
        1234
        1264
        1271
        1289
        1302
        1297
        1271
        1336
        1256
        1254
        1279
        1308
        1328
        1348
        1307
        1223
        1313
        1358
        1302
        1320
        1334
        1326
        1380
        1277
        1282
        1285
        1331
        1347
        1333
        1303
        1247
        1317
        1323
        1281
        1366
        1321
        1287
        1304
        1251
        1337
        1312
        1269
        1268
        1297
        1312
        1307
        1315
        1336
        1239
        1312
        1384
        1322
        1383
        1291
        1280
        1299
        1324
        1284
        1317
        1280
        1253
        1280
        1292
        1284
        1300
        1341
        1271
        1280
        1325
        1313
        1291
        1250
        1223
        1276
        1350
        1362
        1278
        1289
        1356
        1354
        1270
        1271
        1280
        1306
        1359
        1277
        1279
        1323
        1310
        1320
        1304
        1270
        1292
        1281
        1259
        1288
        1311
        1322
        1296
        1364
        1357
        1297
        1301
        1305
        1316
        1269
        1237
        1315
        1340
        1294
        1272
        1233
        1288
        1306
        1289
        1262
        1238
        1397
        1255
        1348
        1324
        1306
        1332
        1317
        1231
        1301
        1304
        1264
        1285
        1361
        1306
        1310
        1336
        1261
        1323
        1384
        1296
        1308
        1275
        1241
        1327
        1353
        1316
        1253
        1286
        1335
        1263
        1275
        1331
        1269
        1349
        1251
        1330
        1296
        1273
        1311
        1330
        1248
        1289
        1331
        1359
        1241
        1263
        1307
        1237
        1302
        1296
        1335
        1299
        1313
        1331
        1238
        1282
        1314
        1296
        1296
        1327
        1293
        1309
        1298
        1314
        1240
        1288
        1271
        1255
        1313
        1311
        1270
        1298
        1176
        1285
        1328
        1272
        1291
        1310
        1242
        1263
        1276
        1307
        1296
        1322
        1278
        1249
        1315
        1295
        1260
        1255
        1329
        1263
        1304
        1331
        1309
        1255
        1339
        1254
        1330
        1319
        1275
        1286
        1279
        1333
        1307
        1315
        1317
        1309
        1320
        1238
        1228
        1363
        1301
        1325
        1323
        1315
        1256
        1282
        1364
        1318
        1296
        1264
        1280
        1359
        1287
        1321
        1248
        1256
        1245
        1302
        1302
        1277
        1290
        1301
        1268
        1324
        1358
        1257
        1344
        1263
        1273
        1331
        1370
        1350
        1288
        1274
        1263
        1341
        1273
        1335
        1243
        1254
        1359
        1255
        1316
        1314
        1280
        1338
        1314
        1297
        1293
        1299
        1317
        1349
        1285
        1330
        1236
        1360
        1267
        1353
        1340
        1264
        1334
        1253
        1310
        1368
        1293
        1297
        1301
        1310
        1295
        1304
        1225
        1273
        1246
        1271
        1263
        1277
        1284
        1290
        1344
        1349
        1288
        1283
        1321
        1322
        1322
        1278
        1237
        1304
        1296
        1271
        1278
        1334
        1280
        1359
        1283
        1318
        1274
        1277
        1234
        1258
        1236
        1200
        1300
        1355
        1312
        1333
        1300
        1348
        1306
        1299
        1330
        1280
        1291
        1270
        1311
        1256
        1259
        1250
        1324
        1268
        1355
        1322
        1329
        1278
        1338
        1275
        1315
        1290
        1291
        1231
        1318
        1337
        1284
        1350
        1339
        1289
        1336
        1284
        1264
        1274
        1325
        1289
        1310
        1312
        1301
        1331
        1332
        1304
        1343
        1301
        1308
        1248
        1295
        1320
        1297
        1283
        1333
        1323
        1248
        1237
        1249
        1292
        1353
        1290
        1264
        1275
        1293
        1283
        1280
        1285
        1265
        1323
        1217
        1300
        1261
        1299
        1280
        1299
        1323
        1323
        1318
        1292
        1320
        1286
        1364
        1285
        1326
        1237
        1379
        1282
        1291
        1338
        1363
        1337
        1259
        1341
        1280
        1355
        1338
        1270
        1246
        1319
        1325
        1308
        1312
        1295
        1253
        1310
        1371
        1323
        1375
        1233
        1306
        1368
        1373
        1280
        1298
        1263
        1324
        1278
        1338
        1312
        1321
        1231
        1195
        1281
        1374
        1333
        1362
        1187
        1332
        1285
        1342
        1315
        1328
        1290
        1321
        1314
        1247
        1255
        1276
        1326
        1380
        1329
        1350
        1261
        1296
        1313
        1253
        1308
        1239
        1310
        1284
        1239
        1304
        1288
        1271
        1319
        1235
        1329
        1336
        1271
        1315
        1288
        1232
        1324
        1284
        1250
        1317
        1321
        1282
        1305
        1360
        1330
        1348
        1248
        1260
        1276
        1322
        1337
        1291
        1281
        1322
        1310
        1339
        1307
        1284
        1328
        1310
        1326
        1286
        1287
        1320
        1232
        1265
        1304
        1360
        1368
        1282
        1274
        1278
        1380
        1328
        1236
        1376
        1268
        1291
        1368
        1339
        1306
        1300
        1283
        1342
        1290
        1286
        1348
        1310
        1342
        1230
        1266
        1297
        1277
        1282
        1300
        1339
        1316
        1285
        1317
        1275
        1262
        1249
        1269
        1234
        1293
        1302
        1267
        1283
        1303
        1258
        1305
        1353
        1301
        1397
        1309
        1329
        1328
        1325
        1347
        1274
        1335
        1292
        1258
        1180
        1324
        1285
        1321
        1270
        1296
        1337
        1285
        1250
        1309
        1332
        1336
        1285
        1294
        1267
        1358
        1361
        1253
        1306
        1262
        1272
        1277
        1233
        1214
        1284
        1239
        1276
        1271
        1308
        1309
        1307
        1282
        1229
        1257
        1200
        1268
        1264
        1316
        1261
        1265
        1332
        1291
        1289
        1335
        1283
        1284
        1262
        1288
        1332
        1301
        1252
        1276
        1258
        1287
        1261
        1282
        1262
        1325
        1249
        1301
        1319
        1353
        1309
        1269
        1326
        1302
        1291
        1313
        1320
        1272
        1315
        1331
        1282
        1329
        1327
        1298
        1279
        1256
        1340
        1349
        1338
        1219
        1266
        1259
        1299
        1269
        1266
        1265
        1363
        1278
        1309
        1269
        1276
        1322
        1267
        1296
        1250
        1370
        1259
        1324
        1290
        1281
        1285
        1291
        1301
        1268
        1289
        1311
        1317
        1319
        1323
        1300
        1261
        1331
        1330
        1327
        1335
        1381
        1295
        1306
        1287
        1321
        1339
        1294
        1309
        1330
        1249
        1266
        1278
        1324
        1366
        1315
        1361
        1308
        1253
        1245
        1289
        1304
        1289
        1328
        1270
        1336
        1279
        1336
        1234
        1314
        1318
        1274
        1290
        1286
        1274
        1333
        1280
        1320
        1267
        1250
        1300
        1374
        1323
        1326
        1292
        1310
        1255
        1292
        1314
        1327
        1308
        1295
        1259
        1336
        1274
        1261
        1308
        1335
        1310
        1299
        1244
        1300
        1266
        1304
        1248
        1349
        1310
        1332
        1297
        1337
        1389
        1197
        1281
        1256
        1267
        1276
        1272
        1328
        1291
        1282
        1329
        1287
        1307
        1310
        1281
        1315
        1276
        1334
        1266
        1302
        1302
        1233
        1319
        1320
        1295
        1234
        1316
        1308
        1274
        1218
        1345
        1289
        1264
        1284
        1280
        1362
        1225
        1332
        1299
        1254
        1263
        1271
        1323
        1323
        1254
        1304
        1319
        1297
        1322
        1326
        1341
        1339
        1305
        1353
        1291
        1369
        1307
        1349
        1302
        1333
        1330
        1269
        1292
        1285
        1276
        1297
        1291
        1275
        1294
        1265
        1263
        1282
        1255
        1286
        1300
        1317
        1272
        1252
        1322
        1274
        1270
        1273
        1263
        1311
        1211
        1345
        1312
        1306
        1291
        1270
        1300
        1333
        1254
        1213
        1282
        1280
        1350
        1279
        1342
        1231
        1285
        1275
        1315
        1301
        1320
        1228
        1249
        1314
        1296
        1321
        1218
        1350
        1299
        1321
        1265
        1293
        1280
        1248
        1338
        1292
        1293
        1310
        1260
        1320
        1304
        1345
        1253
        1295
        1263
        1272
        1285
        1243
        1326
        1287
        1237
        1238
        1230
        1251
        1310
        1266
        1267
        1258
        1280
        1320
        1313
        1268
        1306
        1290
        1263
        1265
        1236
        1329
        1259
        1346
        1285
        1326
        1231
        1350
        1312
        1287
        1258
        1234
        1314
        1270
        1303
        1262
        1218
        1293
        1302
        1242
        1302
        1256
        1311
        1301
        1285
        1356
        1300
        1227
        1282
        1298
        1310
        1332
        1347
        1293
        1361
        1289
        1356
        1299
        1324
        1311
        1318
        1288
        1288
        1285
        1279
        1292
        1280
        1316
        1310
        1333
        1231
        1311
        1287
        1329
        1261
        1347
        1213
        1268
        1331
        1232
        1321
        1240
        1298
        1239
        1245
        1258
        1318
        1334
        1237
        1329
        1263
        1280
        1282
        1317
        1285
        1266
        1318
        1269
        1273
        1364
        1260
        1347
        1300
        1301
        1303
        1281
        1256
        1234
        1277
        1314
        1345
        1292
        1292
        1216
        1318
