19_03_02_iProp_2.7kV_2m_CF4=20'28_16cm_5mV_40kHz__2.3kV_3m_CF3=38'64_15cm__5mV_50kHz_MCA_274cps_017 2
0.00613
2
0.3
        991
        1019
        972
        987
        1014
        940
        993
        1027
        960
        956
        975
        978
        974
        1071
        927
        964
        969
        993
        985
        964
        1059
        970
        1004
        993
        993
        1034
        1006
        956
        988
        974
        957
        965
        992
        987
        1040
        984
        968
        940
        969
        970
        943
        985
        975
        1037
        944
        980
        1003
        951
        991
        977
        953
        977
        986
        937
        1003
        958
        927
        986
        933
        987
        938
        969
        904
        971
        947
        954
        983
        1027
        952
        930
        961
        1001
        998
        950
        936
        945
        978
        962
        966
        978
        959
        947
        962
        924
        952
        948
        907
        1004
        956
        938
        936
        973
        911
        994
        981
        1018
        1053
        931
        957
        967
        987
        1004
        925
        976
        990
        969
        976
        948
        939
        994
        998
        987
        964
        980
        977
        959
        937
        1005
        1015
        1014
        994
        941
        988
        1000
        967
        984
        1000
        965
        948
        995
        1002
        963
        988
        890
        954
        959
        981
        967
        946
        1023
        982
        916
        981
        1019
        926
        999
        941
        1024
        969
        996
        996
        924
        973
        978
        951
        962
        989
        981
        969
        1022
        972
        946
        971
        935
        991
        987
        984
        977
        980
        954
        1008
        971
        966
        994
        917
        998
        995
        958
        934
        978
        982
        975
        1032
        975
        984
        981
        930
        987
        964
        1019
        1000
        941
        972
        976
        1017
        984
        997
        985
        947
        924
        992
        982
        1006
        1029
        979
        963
        946
        1000
        981
        943
        1004
        932
        1038
        999
        1022
        1034
        970
        983
        923
        914
        993
        1029
        1010
        983
        996
        963
        1024
        953
        993
        1037
        1017
        908
        992
        995
        982
        944
        961
        932
        1019
        1014
        962
        918
        1012
        1001
        994
        1058
        950
        1003
        975
        1004
        941
        1041
        1006
        922
        962
        1063
        979
        936
        947
        981
        1000
        1007
        1049
        1010
        943
        954
        960
        961
        976
        996
        964
        954
        1000
        951
        941
        1046
        936
        956
        956
        950
        939
        970
        898
        975
        1008
        986
        1027
        976
        922
        991
        970
        1033
        1004
        968
        971
        1031
        1000
        966
        1009
        938
        984
        952
        972
        1010
        964
        985
        939
        1003
        1036
        893
        955
        895
        1028
        997
        956
        1001
        1003
        957
        1035
        1023
        976
        1003
        1012
        994
        1016
        995
        980
        980
        979
        965
        997
        941
        1022
        996
        966
        1016
        944
        957
        1020
        924
        1001
        961
        955
        1012
        959
        975
        994
        982
        1029
        965
        942
        952
        963
        901
        1017
        961
        968
        1004
        938
        1000
        1001
        991
        939
        997
        970
        980
        988
        958
        1038
        932
        987
        988
        995
        1032
        937
        969
        954
        968
        977
        943
        936
        982
        1000
        1028
        940
        997
        987
        937
        1023
        1006
        980
        944
        991
        921
        965
        937
        939
        918
        1030
        1036
        961
        1014
        959
        936
        960
        1016
        911
        970
        980
        962
        1001
        1036
        927
        955
        958
        1023
        994
        970
        984
        959
        935
        1003
        936
        965
        961
        933
        964
        957
        1008
        986
        973
        960
        944
        937
        975
        994
        967
        988
        945
        947
        934
        1002
        1012
        916
        978
        955
        947
        939
        996
        997
        980
        1012
        941
        1021
        993
        977
        980
        970
        975
        984
        962
        961
        985
        926
        1004
        951
        899
        998
        1005
        948
        941
        949
        941
        939
        954
        1035
        957
        1044
        988
        975
        908
        971
        972
        920
        1051
        954
        988
        1026
        958
        941
        1006
        970
        1005
        993
        966
        940
        944
        946
        943
        995
        965
        964
        991
        943
        965
        974
        951
        939
        927
        986
        971
        994
        964
        995
        997
        929
        929
        973
        1000
        989
        969
        934
        927
        973
        956
        948
        1000
        1014
        982
        940
        910
        951
        1005
        984
        914
        1013
        1041
        934
        967
        965
        989
        970
        983
        907
        951
        990
        979
        988
        963
        995
        1005
        947
        982
        959
        986
        976
        1008
        980
        1020
        974
        890
        978
        935
        930
        912
        947
        966
        974
        931
        947
        1007
        1021
        966
        1031
        996
        953
        950
        1005
        943
        986
        990
        978
        1007
        981
        981
        1010
        1016
        1043
        1032
        948
        945
        1034
        954
        1002
        1012
        1003
        979
        977
        954
        965
        976
        1021
        949
        938
        993
        969
        938
        989
        1012
        975
        981
        986
        1060
        1008
        1014
        950
        954
        1001
        971
        1031
        943
        980
        979
        978
        987
        997
        1007
        971
        999
        1016
        976
        1020
        982
        1012
        919
        952
        986
        967
        979
        997
        940
        975
        1032
        1052
        954
        986
        1020
        1022
        985
        965
        1036
        980
        979
        1027
        1029
        1001
        969
        997
        948
        972
        1012
        977
        1063
        997
        991
        951
        1009
        969
        997
        1014
        973
        915
        997
        1016
        965
        987
        956
        1018
        1030
        982
        1046
        963
        1006
        1004
        972
        966
        996
        994
        915
        982
        953
        938
        1026
        948
        1016
        989
        992
        930
        974
        1026
        1012
        1030
        953
        1003
        973
        992
        966
        999
        1032
        1039
        989
        986
        957
        967
        964
        914
        962
        1032
        1005
        973
        999
        955
        990
        982
        945
        1014
        922
        995
        1007
        955
        935
        958
        1027
        994
        945
        974
        1000
        967
        954
        903
        984
        980
        1004
        987
        1025
        973
        975
        958
        954
        963
        966
        982
        973
        953
        1003
        1012
        972
        954
        1006
        991
        1001
        1007
        1015
        970
        1025
        1009
        942
        986
        967
        968
        984
        944
        1034
        929
        1059
        966
        991
        982
        1021
        1021
        1040
        1005
        1024
        952
        1013
        1025
        975
        977
        976
        989
        1022
        941
        978
        1021
        974
        1020
        936
        958
        991
        970
        962
        926
        969
        945
        981
        978
        968
        976
        1003
        1008
        964
        1037
        992
        1034
        964
        974
        1012
        960
        978
        979
        992
        992
        1000
        1047
        997
        1012
        937
        959
        965
        1019
        1013
        925
        909
        961
        1014
        1009
        1002
        1027
        985
        1036
        1020
        984
        995
        901
        946
        918
        970
        949
        926
        953
        1058
        964
        956
        963
        947
        958
        1019
        978
        975
        959
        973
        982
        1002
        960
        965
        966
        990
        994
        926
        982
        985
        970
        916
        1002
        951
        948
        989
        958
        967
        1011
        960
        951
        987
        1005
        955
        941
        968
        1015
        949
        955
        906
        984
        996
        974
        990
        941
        934
        942
        1001
        993
        1004
        972
        1020
        952
        977
        956
        952
        925
        1011
        952
        979
        953
        941
        1014
        982
        952
        990
        1011
        995
        967
        954
        991
        976
        939
        964
        933
        1029
        933
        929
        959
        986
        966
        994
        973
        1017
        936
        974
        969
        966
        962
        866
        942
        979
        945
        973
        1008
        984
        975
        1001
        891
        980
        988
        1041
        935
        948
        974
        974
        986
        991
        963
        951
        967
        956
        914
        970
        961
        974
        976
        927
        1003
        990
        1045
        946
        1016
        991
        937
        976
        1040
        924
        976
        963
        935
        1012
        991
        964
        950
        966
        982
        979
        930
        1018
        956
        929
        966
        962
        986
        976
        1000
        943
        970
        950
        930
        965
        922
        940
        963
        938
        930
        891
        976
        941
        932
        985
        960
        996
        973
        973
        949
        993
        960
        956
        966
        952
        1009
        1027
        937
        950
        1018
        1020
        968
        968
        917
        955
        953
        972
        1006
        1019
        987
        970
        974
        924
        947
        965
        976
        981
        998
        991
        970
        1034
        972
        1013
        950
        964
        966
        955
        997
        951
        939
        949
        962
        994
        926
        984
        959
        919
        1000
        962
        925
        989
        1004
        954
        996
        1018
        1070
        994
        978
        1017
        978
        968
        961
        984
        928
        951
        940
        985
        947
        982
        972
        991
        976
        935
        1058
        969
        1053
        1002
        966
        979
        959
        1000
        964
        1018
        999
        966
        959
        989
        952
        995
        951
        1004
        1008
        982
        1032
        997
        935
        966
        1031
        962
        1017
        967
        1010
        983
        971
        959
        942
        950
        1029
        946
        980
        1001
        1019
        975
        936
        973
        983
        959
        961
        966
        1023
        926
        960
        1028
        941
        931
        959
        955
        964
        983
        968
        958
        952
        957
        928
        974
        976
        979
        1016
        1004
        951
        1002
        1007
        1016
        996
        983
        1009
        961
        1033
        980
        1021
        961
        1001
        1034
        1011
        921
        937
        1020
        997
        991
        980
        973
        937
        1005
        1054
        1023
        1007
        989
        982
        970
        935
        975
        988
        954
        960
        1027
        961
        984
        992
        967
        962
        982
        988
        992
        1023
        982
        984
        977
        1012
        1041
        938
        1041
        977
        978
        1012
        999
        1005
        959
        1000
        1000
        982
        968
        1014
        1002
        999
        985
        976
        954
        1028
        1006
        985
        988
        997
        1024
        976
        1006
        936
        1007
        1039
        981
        996
        983
        964
        941
        1040
        988
        981
        1000
        977
        980
        976
        975
        967
        1023
        967
        1037
        951
        1008
        980
        1008
        1009
        932
        935
        945
        982
        1019
        1020
        1045
        992
        1012
        1017
        982
        996
        977
        1012
        1027
        992
        980
        1006
        986
        988
        1033
        989
        995
        1009
        945
        1000
        998
        953
        1019
        977
        930
        934
        1002
        946
        927
        953
        943
        1019
        1008
        972
        969
        964
        985
        910
        1021
        952
        956
        1018
        949
        984
        957
        980
        996
        962
        942
        990
        985
        932
        1010
        995
        946
        1045
        907
        976
        988
        977
        985
        890
        960
        944
        948
        963
        1032
        966
        978
        1008
        946
        980
        1036
        949
        959
        1033
        963
        1013
        978
        996
        968
        963
        1009
        958
        969
        950
        979
        1009
        946
        974
        995
        1006
        968
        960
        959
        1002
        989
        964
        918
        970
        994
        1003
        982
        974
        1004
        940
        990
        927
        993
        937
        941
        985
        951
        984
        965
        953
        948
        972
        985
        960
        971
        943
        982
        977
        974
        970
        959
        895
        948
        935
        957
        899
        921
        967
        983
        965
        915
        939
        1005
        967
        969
        965
        935
        970
        949
        967
        947
        992
        934
        990
        950
        959
        953
        954
        977
        942
        958
        867
        1023
        973
        970
        970
        942
        943
        1002
        988
        977
        923
        970
        979
        995
        957
        945
        1005
        936
        962
        976
        976
        1005
        984
        993
        942
        968
        949
        878
        984
        954
        988
        983
        961
        1000
        1024
        950
        983
        964
        962
        931
        962
        990
        994
        951
        1009
        935
        998
        1030
        992
        924
        967
        955
        984
        1003
        955
        974
        961
        990
        978
        965
        929
        1010
        980
        934
        995
        957
        987
        999
        970
        943
        1015
        994
        966
        963
        948
        975
        891
        992
        989
        973
        1057
        1023
        1022
        913
        993
        918
        1006
        1018
        947
        980
        925
        953
        932
        949
        984
        939
        972
        974
        1027
        931
        977
        997
        998
        1017
        932
        1016
        949
        957
        986
        1015
        1025
        1010
        983
        944
        1003
        955
        984
        960
        967
        972
        1037
        976
        965
        1011
        942
        983
        933
        955
        1019
        912
        1038
        1020
        1010
        949
        958
        984
        1049
        1012
        959
        989
        979
        1007
        990
        988
        1027
        1008
        990
        949
        1013
        992
        1004
        994
        953
        1060
        978
        958
        1025
        1017
        1013
        998
        1032
        954
        998
        976
        949
        957
        940
        1025
        1032
        973
        949
        978
        956
        937
        1011
        972
        983
        995
        959
        961
        1000
        957
        988
        974
        1040
        1011
        1033
        983
        984
        911
        950
        988
        997
        1017
        957
        989
        1078
        1029
        978
        1015
        941
        1018
        962
        991
        1026
        957
        982
        1033
        973
        978
        1000
        975
        1014
        978
        972
        1003
        1028
        976
        931
        1052
        972
        1015
        986
        974
        1021
        963
        952
        970
        1033
        959
        962
        945
        941
        968
        992
        1025
        1067
        1032
        944
        1015
        985
        984
        1019
        1042
        990
        1047
        1013
        911
        1013
        982
        1018
        987
        1006
        970
        985
        1017
        984
        1016
        936
        1029
        980
        991
        953
        997
        1012
        986
        1005
        1006
        1027
        1047
        940
        988
        990
        1021
        958
        990
        966
        1028
        964
        1038
        977
        934
        1004
        1002
        1017
        1034
        1019
        989
        964
        1001
        992
        943
        1014
        955
        968
        968
        1020
        991
        1015
        1000
        970
        925
        1005
        977
        1035
        1002
        1007
        1013
        998
        944
        938
        988
        1021
        1024
        1005
        1025
        944
        965
        1024
        975
        949
        920
        999
        982
        950
        1046
        975
        998
        987
        984
        1010
        1029
        1015
        996
        948
        935
        978
        990
        999
        948
        1008
        970
        1040
        1002
        986
        970
        1002
        938
        933
        1003
        982
        1078
        952
        983
        958
        990
        998
        952
        1023
        1014
        1012
        1009
        1000
        997
        980
        1034
        1061
        980
        1034
        1011
        1009
        1008
        1002
        995
        966
        1020
        1067
        979
        1044
        997
        980
        978
        1064
        1019
        984
        1028
        972
        1005
        1009
        990
        999
        995
        1006
        1030
        1073
        973
        1009
        969
        1075
        1025
        943
        1067
        983
        969
        1023
        991
        1007
        1022
        1039
        966
        998
        1051
        1054
        1022
        1024
        944
        1007
        978
        1033
        1002
        1037
        977
        1006
        1022
        1014
        1011
        1026
        959
        1011
        1055
        992
        1081
        978
        1003
        1004
        1019
        1050
        998
        990
        983
        1072
        1044
        1012
        1072
        1004
        1042
        1003
        1009
        986
        1031
        1017
        994
        1076
        996
        1042
        999
        1062
        982
        1060
        1077
        1011
        1109
        1104
        1030
        1027
        985
        992
        1033
        1021
        1033
        1111
        1054
        1038
        1034
        1051
        1053
        1073
        1051
        1022
        1021
        1012
        1086
        1034
        1046
        1050
        1035
        1065
        1054
        1079
        1018
        1034
        1039
        1042
        1043
        998
        1051
        984
        1066
        1058
        1060
        1017
        1124
        1013
        1048
        1026
        1029
        1069
        984
        1083
        1069
        977
        1086
        1046
        1080
        1076
        1085
        1036
        1068
        1075
        1063
        1095
        1032
        1070
        1071
        1122
        1101
        1042
        1102
        1031
        1115
        1075
        1118
        1126
        1059
        1109
        1061
        1090
        1072
        1016
        1143
        1102
        1097
        1087
        1129
        1072
        1115
        1130
        1156
        1097
        1088
        1065
        1063
        1130
        1120
        1163
        1170
        1173
        1170
        1143
        1233
        1144
        1251
        1241
        1276
        1222
        1208
        1338
        1301
        1321
        1340
        1416
        1364
        1464
        1511
        1513
        1550
        1639
        1795
        1806
        1970
        1938
        2140
        2271
        2470
        2494
        2827
        2896
        3172
        3394
        3744
        4046
        4432
        4800
        5227
        5844
        6238
        7047
        7673
        8587
        9270
        10234
        11295
        12437
        13546
        14768
        16166
        17849
        19292
        21111
        23297
        24861
        27031
        29532
        31762
        34063
        36824
        39769
        42272
        45327
        48306
        51655
        54641
        58025
        61162
        64944
        67807
        71891
        75169
        79208
        82439
        85979
        89735
        93800
        96347
        99840
        103589
        106003
        109272
        112330
        115227
        118511
        120156
        122918
        125625
        126178
        129029
        130179
        132801
        133296
        133828
        135189
        137222
        137272
        136985
        137640
        138178
        137378
        137153
        136453
        136735
        135308
        135583
        133974
        132721
        131366
        131090
        129670
        128303
        126376
        124759
        123731
        121765
        120098
        118997
        116680
        115373
        113262
        112124
        110128
        108836
        106766
        104678
        103241
        100904
        99404
        98285
        96694
        93727
        93823
        91609
        90089
        89232
        87209
        85476
        84073
        82496
        81401
        79608
        78453
        77110
        75722
        74668
        73564
        72200
        71510
        70234
        68477
        67741
        66411
        65654
        64466
        63615
        62308
        61813
        60157
        59956
        59051
        57730
        56848
        56428
        55384
        54408
        53704
        52620
        51873
        51507
        50247
        49377
        48541
        48256
        47702
        47050
        46391
        45306
        44692
        44081
        44152
        43486
        42332
        42189
        41475
        40860
        39808
        39831
        39175
        38772
        38297
        38094
        36879
        36721
        36227
        35603
        34938
        34342
        34189
        33585
        33427
        33078
        32469
        32122
        31766
        31716
        30799
        30392
        30598
        30072
        29244
        28913
        28850
        28288
        28080
        27940
        27259
        26982
        26597
        26384
        26213
        25772
        25437
        24989
        24771
        24534
        24206
        23987
        23654
        23580
        23105
        23188
        22312
        22271
        22329
        21866
        21700
        21509
        20880
        21211
        20719
        20598
        20538
        20205
        19950
        19495
        19453
        19662
        19194
        19019
        18722
        18420
        18118
        17915
        17622
        17536
        17285
        17310
        17251
        16842
        16941
        16666
        16465
        16326
        15805
        16090
        15693
        15873
        15559
        15256
        15136
        15203
        14798
        14785
        14710
        14490
        14187
        14111
        13928
        13851
        13767
        13598
        13563
        13363
        13501
        13282
        12945
        12931
        12828
        12707
        12533
        12653
        12395
        12307
        12267
        12244
        11968
        12029
        11779
        11704
        11514
        11437
        11357
        11444
        11208
        11113
        11168
        10919
        10955
        10655
        10770
        10641
        10357
        10517
        10364
        10301
        10155
        10186
        9948
        9869
        9859
        9709
        9730
        9825
        9619
        9661
        9620
        9446
        9230
        9211
        9252
        9178
        8997
        9057
        8777
        8870
        8644
        8818
        8668
        8694
        8577
        8435
        8504
        8514
        8319
        8240
        8315
        8247
        8249
        8094
        8100
        8083
        7873
        8014
        7907
        8020
        7700
        7679
        7755
        7601
        7602
        7556
        7443
        7389
        7603
        7371
        7262
        7387
        7276
        7269
        7299
        7243
        7197
        7057
        7186
        7007
        6926
        6877
        7068
        6864
        6743
        6789
        6705
        6608
        6668
        6595
        6680
        6603
        6548
        6607
        6463
        6453
        6492
        6416
        6389
        6251
        6234
        6252
        6148
        6285
        6261
        6241
        6087
        6123
        6158
        6124
        6017
        5957
        6075
        5944
        5869
        5817
        5883
        5850
        5683
        5834
        5921
        5777
        5861
        5690
        5701
        5650
        5615
        5712
        5625
        5614
        5572
        5616
        5706
        5548
        5628
        5435
        5475
        5413
        5497
        5314
        5443
        5383
        5458
        5340
        5356
        5326
        5290
        5382
        5323
        5309
        5310
        5214
        5257
        5143
        5252
        5220
        5009
        5151
        5007
        5137
        5098
        5096
        4966
        5034
        4892
        4988
        5053
        4889
        5070
        4991
        4959
        4928
        4945
        5020
        4862
        4875
        4918
        4737
        4875
        4867
        4798
        4773
        4731
        4769
        4851
        4777
        4738
        4642
        4732
        4636
        4717
        4596
        4741
        4629
        4579
        4641
        4547
        4533
        4531
        4489
        4567
        4501
        4445
        4497
        4422
        4539
        4455
        4426
        4273
        4327
        4382
        4367
        4301
        4522
        4424
        4277
        4316
        4364
        4376
        4385
        4218
        4336
        4258
        4178
        4266
        4331
        4332
        4234
        4159
        4178
        4290
        4152
        4200
        4173
        4188
        4130
        4125
        4118
        4142
        4093
        4087
        4118
        4114
        4058
        3982
        3970
        4024
        4145
        4065
        3997
        3986
        3933
        3925
        3905
        3893
        3984
        3978
        3959
        3946
        3958
        3949
        3981
        3910
        3862
        3960
        3824
        3870
        3836
        3880
        3806
        3823
        3766
        3752
        3728
        3815
        3738
        3793
        3760
        3855
        3825
        3771
        3606
        3755
        3694
        3637
        3686
        3631
        3697
        3731
        3694
        3664
        3724
        3526
        3770
        3636
        3632
        3580
        3684
        3609
        3551
        3616
        3650
        3708
        3631
        3577
        3470
        3554
        3440
        3514
        3563
        3512
        3548
        3570
        3473
        3560
        3476
        3481
        3429
        3490
        3509
        3437
        3408
        3499
        3408
        3576
        3386
        3411
        3467
        3480
        3394
        3359
        3431
        3351
        3417
        3456
        3414
        3342
        3298
        3349
        3328
        3407
        3284
        3401
        3406
        3352
        3306
        3364
        3286
        3214
        3165
        3327
        3223
        3239
        3304
        3291
        3312
        3295
        3217
        3259
        3224
        3315
        3213
        3218
        3174
        3271
        3296
        3268
        3249
        3148
        3202
        3222
        3186
        3099
        3203
        3184
        3088
        3146
        3193
        3165
        3089
        3160
        3108
        3036
        3169
        3123
        3134
        3138
        3062
        3057
        3137
        3114
        3016
        3024
        3094
        3078
        3075
        3047
        3010
        3068
        3023
        2985
        3018
        2978
        3046
        3054
        3055
        3025
        2997
        3022
        2903
        2910
        2991
        3155
        3025
        3017
        3002
        2977
        3039
        3037
        2934
        3024
        2893
        2901
        2874
        2877
        3019
        2973
        3045
        2975
        2869
        2921
        2962
        2959
        2786
        2899
        2887
        2891
        2808
        2909
        2927
        2899
        2771
        2843
        2909
        2841
        2848
        2813
        2906
        2862
        2891
        2877
        2816
        2870
        2727
        2831
        2753
        2839
        2850
        2771
        2793
        2769
        2795
        2811
        2844
        2768
        2808
        2776
        2562
        2710
        2818
        2794
        2781
        2742
        2718
        2725
        2742
        2732
        2739
        2660
        2643
        2644
        2672
        2607
        2773
        2645
        2741
        2803
        2722
        2677
        2780
        2676
        2679
        2737
        2768
        2645
        2605
        2688
        2629
        2619
        2593
        2717
        2681
        2570
        2626
        2669
        2605
        2550
        2530
        2592
        2622
        2669
        2572
        2682
        2581
        2577
        2566
        2516
        2604
        2538
        2547
        2594
        2550
        2543
        2583
        2634
        2614
        2587
        2597
        2590
        2477
        2535
        2577
        2598
        2576
        2473
        2464
        2535
        2488
        2508
        2527
        2478
        2467
        2487
        2519
        2538
        2466
        2486
        2489
        2484
        2529
        2507
        2463
        2536
        2439
        2422
        2448
        2412
        2447
        2463
        2515
        2406
        2520
        2396
        2497
        2357
        2436
        2498
        2436
        2387
        2423
        2421
        2379
        2391
        2419
        2362
        2427
        2456
        2464
        2370
        2391
        2335
        2449
        2335
        2361
        2432
        2381
        2362
        2439
        2331
        2463
        2356
        2365
        2446
        2388
        2291
        2399
        2355
        2378
        2304
        2402
        2351
        2344
        2344
        2389
        2287
        2377
        2246
        2302
        2297
        2245
        2281
        2257
        2309
        2305
        2257
        2315
        2345
        2202
        2321
        2266
        2261
        2258
        2306
        2321
        2248
        2306
        2171
        2213
        2226
        2195
        2167
        2217
        2268
        2155
        2216
        2141
        2220
        2130
        2265
        2163
        2262
        2259
        2221
        2250
        2232
        2199
        2155
        2158
        2163
        2216
        2156
        2239
        2153
        2208
        2175
        2285
        2196
        2134
        2163
        2156
        2123
        2135
        2107
        2219
        2111
        2242
        2123
        2080
        2186
        2140
        2169
        2056
        2178
        2142
        2187
        2131
        2036
        2121
        2098
        2171
        2002
        2034
        2156
        2136
        2124
        2103
        2074
        2116
        2105
        2073
        2105
        2097
        2181
        2032
        2094
        2070
        2051
        2087
        2115
        2148
        2054
        2158
        2102
        2020
        2136
        2091
        2116
        1973
        2069
        2095
        2087
        2057
        2032
        2131
        2037
        2014
        2097
        2034
        2019
        2022
        2040
        2017
        2044
        2052
        2008
        2030
        2016
        1954
        2014
        2012
        2025
        1992
        2023
        2024
        1977
        2006
        2034
        1987
        2015
        1968
        2017
        1957
        1945
        1948
        2002
        1994
        2003
        1958
        1876
        1935
        1949
        1947
        2068
        1997
        1985
        1955
        2047
        1922
        2003
        1882
        1945
        1907
        1986
        1896
        1974
        1995
        1916
        1933
        1988
        1840
        1962
        2007
        1955
        1905
        1920
        1944
        1955
        1978
        1955
        1891
        1959
        1831
        1914
        1873
        1985
        1890
        1830
        2006
        1939
        1906
        1944
        1915
        1890
        1938
        1874
        1939
        1894
        1824
        1919
        1859
        1937
        1805
        1828
        1862
        1815
        1832
        1873
        1896
        1804
        1718
        1901
        1853
        1800
        1864
        1845
        1837
        1760
        1868
        1855
        1804
        1915
        1823
        1826
        1844
        1866
        1761
        1952
        1828
        1844
        1860
        1831
        1831
        1787
        1853
        1817
        1807
        1872
        1754
        1816
        1807
        1844
        1777
        1824
        1830
        1794
        1798
        1809
        1820
        1774
        1834
        1831
        1813
        1731
        1773
        1718
        1764
        1782
        1724
        1818
        1739
        1746
        1751
        1813
        1766
        1813
        1828
        1703
        1720
        1764
        1757
        1739
        1772
        1813
        1743
        1785
        1724
        1746
        1804
        1754
        1754
        1769
        1731
        1748
        1804
        1720
        1732
        1800
        1742
        1681
        1672
        1645
        1719
        1763
        1727
        1672
        1735
        1741
        1711
        1712
        1675
        1743
        1760
        1760
        1738
        1709
        1796
        1661
        1647
        1644
        1669
        1744
        1695
        1686
        1661
        1672
        1684
        1680
        1772
        1788
        1661
        1767
        1660
        1675
        1661
        1694
        1657
        1667
        1693
        1717
        1712
        1694
        1677
        1687
        1627
        1654
        1596
        1724
        1624
        1715
        1696
        1642
        1686
        1687
        1632
        1651
        1733
        1717
        1647
        1653
        1648
        1662
        1648
        1655
        1664
        1630
        1653
        1665
        1761
        1636
        1674
        1678
        1689
        1757
        1628
        1619
        1637
        1632
        1605
        1643
        1603
        1555
        1668
        1649
        1631
        1643
        1497
        1583
        1624
        1584
        1584
        1596
        1642
        1620
        1561
        1604
        1636
        1633
        1560
        1629
        1574
        1501
        1566
        1573
        1618
        1601
        1587
        1589
        1569
        1613
        1521
        1582
        1624
        1570
        1543
        1586
        1561
        1621
        1568
        1549
        1558
        1651
        1604
        1561
        1531
        1585
        1553
        1604
        1567
        1567
        1548
        1544
        1602
        1564
        1525
        1577
        1560
        1519
        1509
        1588
        1551
        1534
        1536
        1590
        1588
        1564
        1586
        1570
        1497
        1522
        1558
        1594
        1583
        1534
        1554
        1568
        1540
        1544
        1475
        1514
        1531
        1542
        1578
        1597
        1544
        1563
        1605
        1540
        1483
        1531
        1534
        1482
        1480
        1581
        1584
        1475
        1519
        1480
        1503
        1490
        1495
        1600
        1547
        1555
        1511
        1530
        1493
        1584
        1481
        1540
        1570
        1554
        1474
        1533
        1501
        1467
        1479
        1516
        1454
        1530
        1517
        1556
        1469
        1470
        1486
        1498
        1510
        1454
        1504
        1503
        1432
        1482
        1483
        1463
        1515
        1489
        1518
        1530
        1463
        1497
        1452
        1453
        1420
        1502
        1482
        1487
        1478
        1485
        1448
        1459
        1487
        1480
        1506
        1463
        1479
        1404
        1450
        1418
        1492
        1391
        1459
        1418
        1430
        1410
        1452
        1532
        1477
        1401
        1475
        1397
        1387
        1492
        1500
        1396
        1362
        1503
        1376
        1451
        1418
        1474
        1460
        1522
        1379
        1396
        1439
        1436
        1400
        1381
        1407
        1375
        1447
        1470
        1422
        1383
        1372
        1421
        1499
        1382
        1460
        1402
        1354
        1448
        1423
        1433
        1466
        1355
        1359
        1404
        1422
        1389
        1338
        1453
        1399
        1362
        1413
        1440
        1416
        1373
        1368
        1437
        1395
        1425
        1362
        1427
        1433
        1447
        1368
        1403
        1436
        1377
        1417
        1447
        1370
        1374
        1445
        1369
        1433
        1344
        1348
        1343
        1368
        1428
        1351
        1400
        1343
        1375
        1408
        1350
        1362
        1360
        1373
        1306
        1392
        1339
        1369
        1336
        1380
        1328
        1344
        1350
        1343
        1447
        1340
        1349
        1437
        1391
        1451
        1384
        1408
        1418
        1373
        1312
        1382
        1347
        1332
        1348
        1305
        1388
        1422
        1433
        1349
        1374
        1344
        1370
        1334
        1366
        1397
        1377
        1415
        1378
        1376
        1317
        1322
        1362
        1358
        1368
        1330
        1343
        1394
        1391
        1424
        1378
        1322
        1362
        1358
        1373
        1392
        1340
        1368
        1309
        1327
        1364
        1391
        1363
        1373
        1309
        1344
        1288
        1295
        1384
        1291
        1366
        1372
        1419
        1265
        1317
        1358
        1309
        1339
        1291
        1337
        1328
        1345
        1338
        1347
        1350
        1316
        1284
        1366
        1330
        1327
        1301
        1349
        1344
        1254
        1285
        1382
        1279
        1313
        1278
        1222
        1305
        1283
        1301
        1274
        1260
        1327
        1289
        1271
        1364
        1341
        1299
        1267
        1399
        1350
        1325
        1315
        1278
        1326
        1327
        1304
        1307
        1303
        1241
        1296
        1272
        1250
        1271
        1231
        1299
        1238
        1301
        1288
        1257
        1258
        1293
        1315
        1235
        1282
        1269
        1277
        1277
        1265
        1244
        1300
        1221
        1259
        1350
        1324
        1259
        1241
        1266
        1289
        1291
        1271
        1270
        1298
        1256
        1292
        1240
        1300
        1215
        1258
        1289
        1224
        1255
        1286
        1142
        1250
        1325
        1286
        1256
        1303
        1234
        1182
        1240
        1295
        1246
        1283
        1282
        1308
        1204
        1246
        1237
        1297
        1208
        1215
        1275
        1227
        1288
        1230
        1134
        1204
        1265
        1232
        1196
        1224
        1263
        1233
        1199
        1245
        1188
        1161
        1249
        1204
        1242
        1237
        1253
        1209
        1175
        1153
        1215
        1216
        1253
        1246
        1209
        1219
        1244
        1244
        1224
        1179
        1209
        1281
        1209
        1209
        1293
        1181
        1214
        1220
        1248
        1321
        1233
        1186
        1185
        1231
        1181
        1207
        1190
        1178
        1236
        1256
        1180
        1187
        1212
        1186
        1172
        1199
        1225
        1186
        1207
        1246
        1209
        1216
        1243
        1178
        1209
        1180
        1152
        1155
        1218
        1245
        1133
        1134
        1202
        1244
        1263
        1163
        1210
        1243
        1154
        1160
        1198
        1186
        1204
        1157
        1199
        1148
        1171
        1156
        1181
        1193
        1162
        1248
        1254
        1141
        1210
        1146
        1168
        1226
        1205
        1215
        1270
        1240
        1127
        1196
        1187
        1218
        1198
        1181
        1164
        1160
        1218
        1256
        1212
        1236
        1189
        1187
        1189
        1247
        1224
        1212
        1183
        1251
        1274
        1234
        1178
        1214
        1229
        1193
        1230
        1219
        1220
        1204
        1197
        1198
        1195
        1223
        1188
        1167
        1154
        1146
        1206
        1165
        1173
        1174
        1313
        1248
        1191
        1170
        1143
        1159
        1171
        1141
        1197
        1171
        1207
        1240
        1181
        1165
        1181
        1166
        1189
        1143
        1198
        1218
        1154
        1220
        1258
        1204
        1167
        1190
        1129
        1190
        1165
        1161
        1184
        1131
        1236
        1149
        1170
        1146
        1163
        1152
        1149
        1227
        1189
        1213
        1173
        1222
        1126
        1136
        1164
        1117
        1121
        1155
        1156
        1142
        1122
        1144
        1167
        1090
        1171
        1171
        1150
        1123
        1162
        1144
        1151
        1162
        1121
        1139
        1205
        1223
        1152
        1149
        1155
        1184
        1189
        1179
        1138
        1198
        1180
        1067
        1137
        1139
        1153
        1141
        1153
        1084
        1091
        1166
        1085
        1150
        1102
        1105
        1095
        1091
        1196
        1154
        1164
        1116
        1085
        1113
        1112
        1130
        1162
        1142
        1165
        1101
        1105
        1117
        1119
        1161
        1123
        1156
        1097
        1147
        1153
        1095
        1148
        1115
        1155
        1151
        1128
        1149
        1102
        1109
        1048
        1129
        1199
        1182
        1154
        1158
        1130
        1075
        1146
        1133
        1152
        1137
        1175
        1124
        1178
        1141
        1068
        1145
        1176
        1159
        1174
        1202
        1120
        1162
        1105
        1167
        1129
        1157
        1158
        1106
        1103
        1078
        1128
        1070
        1135
        1099
        1162
        1170
        1182
        1085
        1102
        1103
        1142
        1084
        1078
        1179
        1109
        1039
        1085
        1087
        1174
        1096
        1144
        1102
        1138
        1119
        1063
        1101
        1077
        1115
        1135
        1130
        1125
        1110
        1123
        1116
        1138
        1127
        1179
        1140
        1059
        1123
        1138
        1099
        1090
        1087
        1093
        1090
        1111
        1102
        1067
        1078
        1059
        1131
        1133
        1054
        1086
        1094
        1032
        1104
        1117
        1039
        1072
        1120
        1065
        1122
        1126
        1158
        1139
        1097
        1052
        1121
        1170
        1118
        1111
        1078
        1141
        1073
        1136
        1064
        1106
        1104
        1123
        1109
        1158
        1120
        1080
        1123
        1123
        1144
        1039
        1148
        1099
        1094
        1096
        1090
        1045
        1122
        1131
        1052
        1146
        1097
        1086
        1099
        1084
        1010
        1067
        1086
        1075
        1094
        1112
        1140
        1069
        1113
        1127
        1110
        1117
        1103
        1055
        1075
        1146
        1107
        1105
        1088
        1095
        1036
        1108
        1106
        1059
        1091
        1099
        1142
        1102
        1066
        1075
        1034
        1062
        1062
        1104
        1156
        1075
        1099
        1058
        1070
        1084
        1068
        1062
        1078
        1165
        1078
        1070
        1041
        1146
        1130
        1143
        1108
        1106
        1080
        1085
        1117
        1126
        1028
        1026
        1103
        1087
        1080
        1135
        1070
        1126
        1039
        1100
        1066
        1090
        1091
        1103
        1058
        1008
        1115
        1108
        1092
        1087
        1076
        1072
        1128
        1089
        1029
        1120
        1092
        1084
        1129
        1120
        1091
        1093
        1069
        1066
        1079
        1090
        1105
        1099
        1115
        1046
        1085
        1069
        1149
        1070
        1149
        1150
        1126
        1063
        1152
        1086
        1104
        1063
        1076
        1081
        1039
        1121
        1071
        1056
        1048
        1069
        1086
        1065
        1057
        1080
        1035
        1137
        1048
        1089
        1069
        1052
        1031
        1057
        1100
        1080
        1075
        1077
        1075
        1071
        1130
        1101
        1063
        1081
        1115
        1101
        1082
        1089
        998
        1094
        1142
        1049
        1022
        1040
        1098
        1109
        1019
        1131
        1083
        1082
        1111
        986
        1087
        1091
        1031
        1131
        1115
        1057
        1112
        1042
        1114
        1087
        1044
        1043
        1090
        1105
        1139
        1072
        1085
        1165
        1083
        1111
        1106
        1057
        1070
        1042
        1011
        1090
        1032
        1078
        1100
        1000
        1079
        1126
        1057
        1104
        1078
        1079
        1084
        1091
        1105
        1016
        1072
        1082
        1090
        1083
        1076
        1058
        999
        1070
        1044
        1040
        1045
        1056
        1121
        1071
        1073
        1058
        1043
        1051
        1029
        1066
        1001
        1047
        1075
        1096
        1080
        1098
        1056
        1059
        1068
        1066
        1067
        1093
        1089
        1037
        1057
        1052
        1035
        1041
        1034
        1136
        1065
        1024
        1090
        1043
        1003
        1051
        1093
        1056
        1039
        1094
        1017
        1076
        1058
        1131
        1063
        979
        1086
        1048
        1042
        1061
        1047
        1034
        1079
        1026
        1057
        1045
        1126
        1078
        1043
        1054
        1106
        1044
        1029
        1088
        1081
        1014
        1043
        1064
        1045
        1027
        1085
        1079
        1060
        1003
        1043
        1108
        1053
        1073
        1010
        1077
        974
        981
        1054
        1011
        1088
        985
        1077
        1008
        1074
        1015
        1055
        1013
        1089
        1066
        998
        1033
        1007
        1070
        1019
        965
        1098
        1032
        1032
        1102
        1008
        1057
        1026
        1011
        1020
        966
        1066
        1063
        1103
        1060
        1098
        1022
        1046
        1014
        1031
        1052
        1053
        987
        1051
        1020
        1031
        1016
        1031
        994
        1052
        1027
        1019
        1061
        1000
        1037
        1020
        1011
        1021
        1038
        1053
        1017
        1064
        1004
        1063
        1098
        1036
        1004
        1078
        1044
        1055
        1014
        1037
        970
        1052
        1004
        1023
        982
        1015
        987
        1080
        989
        1059
        1080
        986
        1000
        1037
        1027
        1035
        1022
        1027
        1055
        1034
        1026
        1076
        1013
        1020
        1019
        1018
        1077
        1031
        1039
        1011
        1048
        1020
        1015
        1048
        1060
        1057
        1011
        967
        1055
        1038
        1036
        1041
        1031
        1016
        1005
        995
        1011
        1017
        1010
        1018
        1026
        1047
        1052
        1055
        1021
        1056
        1022
        1048
        1037
        970
        974
        990
        1034
        992
        1051
        998
        1008
        1075
        1004
        1037
        1005
        978
        1024
        986
        1089
        1023
        1079
        1048
        1044
        1061
        1013
        1070
        1098
        999
        971
        1050
        1023
        1004
        1078
        1107
        1011
        1032
        1098
        1083
        1005
        1001
        1041
        1020
        1030
        1042
        987
        1048
        1021
        1048
        1025
        1108
        995
        1053
        1069
        1096
        994
        1024
        977
        1010
        1042
        1043
        1004
        1014
        1033
        1011
        999
        1021
        1070
        1024
        1047
        1037
        1020
        986
        1018
        985
        986
        963
        1027
        1037
        999
        1063
        994
        989
        994
        1017
        1037
        1055
        927
        997
        1020
        989
        1048
        1031
        1029
        970
        971
        1056
        1034
        996
        969
        1009
        1064
        1019
        1042
        1022
        1050
        959
        1039
        1013
        1085
        1003
        1006
        1003
        981
        1036
        1038
        991
        1015
        1041
        989
        1093
        1050
        1038
        1073
        1018
        1027
        1063
        1075
        1007
        999
        1015
        988
        1034
        957
        986
        985
        960
        977
        952
        1017
        993
        974
        1055
        979
        1022
        996
        1006
        1073
        1077
        1017
        988
        1025
        1041
        999
        1022
        1071
        1068
        1052
        964
        993
        1053
        1018
        1097
        1002
        1008
        1009
        1000
        982
        1026
        1044
        952
        978
        1042
        969
        1047
        999
        975
        973
        993
        1060
        1021
        1023
        975
        1011
        1001
        1002
        997
        1011
        1046
        991
        1043
        1014
        1010
        966
        1003
        995
        1017
        1010
        1010
        943
        1030
        1007
        966
        971
        966
        1044
        994
        1006
        1067
        1000
        1054
        1019
        1073
        990
        1007
        981
        1067
        1013
        1018
        1007
        1023
        981
        1023
        957
        969
        970
        1042
        1002
        967
        975
        993
        1033
        1016
        1017
        1013
        1006
        994
        1003
        1021
        1063
        1021
        1027
        1024
        980
        970
        997
        1006
        1022
        1008
        1024
        977
        1042
        1013
        968
        1079
        1053
        1042
        1002
        990
        1025
        993
        1016
        1003
        979
        998
        1010
        1026
        1026
        1014
        1045
        985
        1038
        1012
        1002
        1051
        953
        1000
        1028
        1049
        1008
        1028
        1034
        1015
        1028
        1037
        1033
        1030
        964
        1022
        1004
        1015
        962
        1017
        949
        995
        1001
        996
        961
        1021
        984
        1034
        1021
        1045
        1104
        996
        979
        1042
        1029
        991
        996
        964
        985
        987
        1009
        1001
        1041
        981
        1014
        1012
        966
        1025
        983
        1022
        1016
        970
        977
        1035
        1016
        1032
        1011
        990
        1078
        1011
        958
        935
        1011
        1002
        976
        1024
        993
        1041
        1069
        1026
        989
        990
        987
        1051
        1074
        1049
        1011
        973
        1012
        1068
        962
        1036
        1004
        1011
        1021
        1107
        992
        983
        928
        1054
        973
        974
        1085
        1075
        993
        1021
        999
        1004
        1032
        1069
        1012
        993
        974
        1092
        997
        1008
        1055
        1022
        1032
        1036
        1070
        1078
        985
        1053
        1054
        1023
        1003
        1025
        1008
        981
        1006
        1000
        975
        972
        1052
        1056
        1032
        980
        1098
        1000
        1033
        995
        1011
        1087
        993
        1019
        1017
        1030
        1050
        990
        1050
        1027
        1006
        1052
        1048
        1016
        989
        1024
        942
        970
        978
        1012
        1060
        982
        995
        968
        982
        993
        985
        1026
        1005
        1026
        938
        1006
        1023
        1022
        991
        968
        1013
        983
        943
        995
        983
        1049
        985
        1038
        1065
        950
        999
        989
        926
        965
        1021
        1025
        1023
        990
        978
        953
        1003
        993
        1003
        945
        998
        1041
        931
        975
        928
        944
        1013
        1026
        1002
        996
        1039
        991
        1011
        996
        1025
        1052
        1013
        1004
        1021
        1034
        982
        974
        959
        1058
        1004
        1013
        967
        1043
        1001
        986
        987
        1004
        1011
        959
        998
        989
        932
        1046
        1044
        923
        1018
        980
        1008
        1021
        992
        1030
        1032
        930
        951
        1039
        958
        974
        1036
        976
        998
        985
        1019
        1008
        974
        1045
        1001
        966
        998
        933
        971
        1057
        971
        950
        980
        917
        972
        971
        1005
        1017
        965
        1020
        1026
        1045
        1023
        989
        1010
        1001
        967
        998
        1006
        952
        1001
        934
        961
        1004
        978
        1001
        1016
        940
        1050
        994
        1031
        1030
        1005
        991
        1033
        972
        967
        999
        995
        1039
        973
        968
        950
        1046
        1056
        956
        1024
        954
        953
        952
        1029
        964
        1007
        1005
        1065
        978
        1039
        1032
        1011
        1032
        944
        1058
        1019
        934
        966
        972
        979
        960
        985
        1059
        1031
        988
        970
        987
        998
        1043
        1025
        1004
        956
        954
        1017
        1048
        1068
        1062
        1042
        953
        1029
        990
        1003
        973
        959
        975
        976
        959
        1011
        988
        981
        1015
        1005
        961
        1051
        1033
        1004
        1017
        977
        972
        1022
        1016
        996
        956
        990
        950
        1073
        1003
        991
        1044
        1018
        1019
        1011
        993
        1023
        993
        1036
        1008
        994
        1036
        1017
        952
        1040
        1009
        1019
        1000
        991
        910
        992
        1002
        998
        972
        978
        982
        1024
        975
        1044
        1009
        1007
        1053
        963
        950
        1010
        974
        990
        1034
        1005
        1020
        1000
        981
        1017
        1004
        1014
        1013
        1044
        993
        1027
        1040
        1066
        1018
        1047
        1003
        1038
        992
        993
        1016
        1022
        994
        1034
        979
        1053
        1081
        1007
        1089
        922
        1052
        984
        1021
        975
        971
        1006
        988
        981
        975
        1022
        959
        1008
        1052
        985
        1007
        975
        953
        990
        1000
        968
        948
        1022
        969
        1005
        999
        990
        952
        954
        1073
        986
        998
        974
        979
        992
        1012
        1013
        994
        983
        1010
        1049
        1045
        1005
        997
        1029
        1043
        1008
        1057
        1022
        1000
        987
        932
        955
        1003
        938
        974
        974
        1027
        951
        1034
        1018
        1023
        984
        974
        1019
        1021
        982
        995
        1001
        988
        1024
        1092
        984
        996
        1012
        1001
        1006
        996
        1019
        1033
        997
        1015
        1012
        1007
        955
        996
        986
        976
        1042
        968
        1069
        987
        1011
        935
        977
        1024
        1020
        977
        977
        940
        995
        976
        1017
        968
        962
        1026
        984
        1014
        936
        1014
        978
        963
        988
        970
        964
        1001
        983
        945
        1021
        1041
        947
        1055
        993
        961
        1061
        1043
        939
        988
        969
        1024
        983
        974
        974
        1050
        1000
        981
        1038
        999
        968
        982
        993
        1007
        985
        1036
        963
        996
        1045
        960
        1062
        1005
        1004
        974
        951
        1022
        960
        992
        966
        1000
        929
        988
        1000
        1011
        978
        964
        975
        947
        930
        997
        1051
        959
        939
        1006
        962
        979
        947
        938
        929
        1037
        999
        969
        1053
        967
        989
        985
        946
        1076
        957
        1036
        965
        968
        960
        970
        982
        1031
        882
        924
        998
        970
        1004
        996
        980
        1017
        1000
        931
        985
        993
        1031
        1034
        1039
        943
        1015
        982
        1046
        983
        1042
        1030
        974
        983
        999
        997
        1039
        993
        1033
        998
        1043
        991
        999
        984
        1027
        998
        986
        1059
        1015
        976
        991
        1011
        1044
        948
        1013
        981
        1032
        1030
        968
        958
        950
        1015
        970
        925
        1001
        934
        972
        961
        1002
        1066
        976
        1045
        1017
        984
        1019
        960
        1011
        1032
        1001
        1032
        982
        1022
        988
        994
        1007
        1046
        998
        987
        982
        963
        990
        962
        1002
        1028
        1084
        970
        1025
        984
        1059
        1032
        1001
        970
        970
        991
        1019
        1038
        1023
        1009
        991
        1002
        993
        1000
        1015
        974
        1021
        1015
        1051
        1014
        970
        999
        1042
        944
        1047
        953
        992
        1036
        970
        997
        981
        1002
        1007
        1025
        966
        900
        1000
        987
        1010
        1004
        1047
        988
        1032
        956
        992
        976
        962
        968
        959
        1049
        940
        1012
        1052
        1038
        964
        982
        1002
        1050
        1021
        1029
        968
        969
        967
        976
        999
        1063
        1007
        1049
        977
        1009
        1005
        1063
        970
        1015
        975
        1029
        1016
        1006
        1054
        976
        923
        950
        879
        1018
        1027
        983
        1028
        978
        990
        1034
        944
        960
        978
        989
        1044
        958
        1012
        950
        979
        954
        982
        1006
        974
        988
        958
        1013
        1064
        963
        998
        1069
        1013
        1003
        981
        1004
        1000
        973
        921
        981
        994
        996
        981
        966
        1020
        1037
        945
        999
        1017
        962
        1022
        987
        1020
        974
        1046
        960
        989
        960
        990
        991
        984
        1001
        999
        974
        990
        941
        1009
        1020
        966
        989
        990
        973
        993
        996
        1010
        975
        997
        996
        1006
        993
        966
        1001
        995
        972
        951
        1021
        1001
        978
        1012
        942
        998
        986
        947
        941
        983
        910
        1004
        948
        994
        939
        983
        1015
        1028
        995
        1019
        1029
        960
        963
        960
        995
        992
        933
        980
        975
        1012
        1039
        1016
        968
        972
        1000
        949
        1003
        963
        976
        992
        964
        952
        1006
        1001
        984
        948
        973
        1020
        1010
        996
        1037
        962
        1027
        1006
        1010
        986
        1000
        1025
        927
        931
        945
        1040
        1016
        1002
        992
        1001
        931
        951
        1017
        957
        958
        971
        1018
        997
        956
        976
        996
        1019
        964
        979
        909
        987
        941
        1001
        1011
        993
        947
        986
        995
        949
        1009
        1024
        1039
        1009
        981
        1027
        1008
        1005
        1041
        1020
        1025
        982
        947
        978
        972
        1006
        987
        996
        986
        971
        970
        966
        966
        991
        1032
        998
        1009
        992
        1005
        1010
        990
        959
        939
        985
        1015
        1002
        1017
        972
        1000
        1012
        971
        923
        971
        981
        1025
        924
        999
        1001
        1022
        976
        975
        989
        984
        953
        943
        967
        994
        956
        982
        997
        1028
        1001
        954
        961
        957
        1003
        956
        1020
        981
        1034
        1010
        959
        1020
        982
        999
        984
        984
        989
        951
        1064
        995
        953
        1038
        965
        969
        1036
        958
        992
        981
        976
        976
        971
        994
        1005
        1060
        972
        1031
        983
        1023
        960
        966
        1041
        995
        933
        990
        924
        947
        1030
        983
        1011
        960
        1013
        928
        999
        998
        984
        1018
        1040
        968
        963
        983
        981
        1011
        1017
        979
        1022
        1012
        1013
        970
        1000
        984
        1052
        1007
        951
        1033
        940
        1010
        968
        982
        1021
        946
        958
        1000
        979
        968
        955
        985
        958
        1046
        979
        995
        970
        1039
        976
        988
        1011
        930
        941
        971
        1000
        996
        993
        1025
        996
        977
        953
        992
        1050
        973
        1003
        967
        977
        952
        1002
        1049
        961
        952
        978
        915
        966
        999
        970
        974
        1050
        940
        997
        979
        951
        982
        988
        953
        1010
        974
        986
        1031
        1030
        928
        993
        1009
        961
        968
        980
        1007
        1003
        1006
        1028
        998
        1056
        1012
        994
        986
        974
        973
        995
        1011
        1005
        995
        1014
        1011
        995
        1016
        977
        988
        992
        987
        1017
        979
        996
        966
        957
        990
        1031
        990
        1007
        1044
        959
        973
        982
        953
        1021
        1001
        951
        992
        967
        986
        984
        956
        948
        1004
        984
        1019
        967
        1012
        987
        984
        998
        984
        953
        1003
        984
        962
        1026
        982
        986
        998
        926
        932
        1050
        978
        1004
        1022
        933
        1005
        1045
        995
        952
        1010
        986
        1010
        991
        925
        1024
        1038
        933
        997
        989
        959
        917
        917
        940
        999
        1006
        967
        997
        1015
        961
        953
        919
        976
        946
        1012
        980
        1007
        1008
        930
        1006
        1020
        1000
        987
        979
        976
        1002
        1002
        1023
        943
        948
        962
        948
        980
        1005
        926
        968
        980
        1001
        1011
        955
        982
        970
        999
        983
        1031
        998
        1013
        979
        1016
        987
        992
        980
        1035
        993
        1024
        914
        973
        991
        979
        1045
        962
        1009
        977
        1026
        1019
        948
        991
        991
        1031
        1000
        957
        963
        1002
        984
        1012
        939
        960
        914
        979
        956
        981
        943
        995
        965
        1035
        1026
        911
        1007
        959
        1013
        953
        944
        971
        1017
        989
        1047
        948
        957
        987
        967
        995
        957
        952
        994
        1004
        987
        953
        992
        968
        991
        1009
        971
        994
        1011
        963
        1064
        970
        1002
        1014
        1038
        988
        1020
        1015
        961
        977
        993
        1050
        1036
        993
        955
        995
        1004
        998
        981
        1011
        974
        1027
        951
        988
        1021
        1028
        941
        954
        1013
        952
        993
        993
        998
        943
        978
        964
        970
        991
        987
        976
        975
        1004
        990
        1027
        983
        921
        997
        1000
        1012
        969
        1000
        1025
        1028
        997
        958
        972
        1027
        1022
        1027
        974
        1000
        969
        948
        976
        1056
        1000
        967
        955
        1006
        946
        989
        1034
        987
        947
        984
        927
        1059
        975
        976
        974
        1002
        917
        980
        931
        936
        983
        995
        959
        994
        985
        987
        964
        1000
        966
        977
        1013
        972
        989
        1001
        979
        927
        1006
        1007
        1061
        982
        1001
        988
        1008
        956
        994
        994
        1024
        1011
        982
        961
        1044
        1015
        1003
        982
        979
        932
        1040
        1008
        995
        1026
        989
        968
        967
        917
        933
        959
        931
        989
        986
        953
        1051
        910
        933
        1002
        987
        1004
        985
        988
        968
        970
        928
        995
        996
        972
        997
        1017
        972
        959
        977
        1045
        988
        988
        1010
        927
        955
        959
        946
        1037
        982
        936
        1016
        989
        1027
        982
        1052
        970
        929
        1011
        959
        1002
        1016
        961
        936
        977
        989
        976
        1021
        986
        975
        1049
        1012
        1023
        1004
        958
        1025
        965
        999
        962
        1002
        994
        981
        952
        979
        1049
        1014
        937
        1024
        947
        1044
        1017
        966
        989
        989
        999
        996
        981
        968
        1029
        1015
        1025
        1031
        930
        949
        988
        1027
        1018
        989
        938
        1032
        996
        986
        977
        981
        1025
        1004
        953
        980
        965
        1024
        985
        1020
        997
        990
        990
        1014
        985
        996
        1020
        1003
        998
        983
        987
        996
        955
        939
        991
        960
        931
        973
        990
        958
        1020
        959
        933
        1019
        966
        996
        1018
        974
        1041
        959
        1002
        977
        970
        977
        988
        979
        965
        1008
        995
        1068
        952
        936
        1005
        995
        1003
        1005
        993
        1011
        971
        964
        925
        986
        958
        996
        1040
        981
        975
        934
        999
        1032
        1017
        1001
        1035
        1005
        974
        994
        973
        981
        997
        1007
        955
        938
        911
        977
        967
        900
        977
        1011
        957
        975
        1022
        1009
        1038
        961
        968
        958
        1004
        987
        1052
        970
        963
        1012
        996
        949
        974
        1015
        979
        990
        967
        984
        923
        1038
        1036
        928
        973
        1005
        1044
        968
        950
        1003
        983
        1010
        1061
        978
        976
        957
        980
        1026
        960
        1007
        962
        993
        999
        1051
        969
        1021
        967
        1061
        970
        1039
        964
        1020
        960
        983
        984
        961
        1004
        929
        1000
        1014
        983
        1028
        1026
        994
        915
        975
        969
        1011
        1010
        973
        951
        1000
        994
        949
        981
        923
        1031
        1002
        985
        970
        1025
        1021
        988
        1001
        1024
        996
        1033
        953
        996
        1003
        997
        983
        1001
        1028
        1021
        999
        987
        989
        1050
        1009
        1034
        1001
        1032
        979
        995
        957
        1009
        988
        1075
        981
        997
        994
        1007
        902
        987
        994
        954
        975
        986
        971
        1004
        994
        975
        1099
        985
        995
        994
        1043
        1013
        944
        1018
        957
        1006
        1019
        1020
        921
        1002
        1016
        978
        998
        937
        969
        1013
        954
        1013
        1052
        989
        936
        957
        967
        1049
        979
        998
        1015
        1009
        1045
        988
        931
        1007
        1014
        964
        1060
        994
        980
        997
        970
        1019
        971
        1009
        1045
        1043
        1049
        1003
        1019
        939
        950
        977
        1001
        952
        1027
        1008
        993
        1022
        969
        992
        1012
        945
        1053
        970
        1049
        1000
        979
        999
        988
        1013
        999
        1002
        988
        950
        956
        965
        1050
        1066
        1040
        966
        939
        970
        955
        984
        1008
        1040
        1022
        983
        970
        995
        946
        1026
        963
        973
        1043
        949
        969
        1034
        989
        968
        954
        1006
        991
        961
        931
        1011
        1026
        973
        1009
        912
        1010
        924
        926
        1039
        1014
        958
        1003
        957
        996
        987
        1007
        954
        997
        1015
        997
        997
        998
        894
        964
        948
        973
        994
        950
        993
        1020
        992
        991
        960
        945
        970
        940
        1005
        953
        1013
        964
        973
        1011
        965
        925
        1026
        1025
        983
        1045
        980
        963
        1016
        950
        952
        1052
        1003
        1028
        984
        1037
        952
        946
        960
        1007
        973
        1016
        993
        979
        1002
        1024
        1006
        1010
        980
        932
        922
        1010
        922
        1003
        1014
        1003
        999
        982
        1025
        926
        956
        1051
        1024
        957
        964
        1006
        996
        943
        1002
        988
        993
        1008
        1032
        965
        1018
        958
        981
        1001
        976
        962
        977
        993
        964
        1014
        994
        969
        1020
        1009
        1003
        976
        937
        1021
        976
        965
        1007
        1050
        1014
        1012
        997
        976
        1041
        981
        1060
        976
        960
        1001
        986
        1027
        988
        959
        1000
        996
        1046
        999
        1039
        959
        992
        942
        982
        978
        991
        957
        946
        975
        1004
        957
        971
        1032
        977
        979
        963
        976
        1032
        956
        1007
        1001
        978
        1008
        982
        1028
        996
        984
        976
        977
        978
        1059
        1025
        961
        983
        1061
        975
        1021
        956
        957
        980
        1063
        979
        971
        1042
        981
        937
        954
        966
        1005
        1005
        978
        1040
        1012
        1033
        960
        1007
        1006
        1003
        1004
        972
        1024
        1011
        998
        1069
        963
        1002
        981
        958
        1056
        995
        1023
        959
        1013
        971
        958
        1043
        984
        1021
        1013
        982
        1001
        1030
        959
        1010
        979
        995
        932
        970
        961
        942
        988
        1003
        954
        968
        971
        1063
        971
        995
        964
        930
        989
        964
        999
        1033
        971
        1028
        985
        996
        987
        1006
        1057
        968
        938
        982
        973
        941
        1001
        960
        1010
        996
        964
        997
        945
        969
        1005
        975
        1011
        965
        963
        993
        973
        1008
        965
        1050
        961
        1039
        949
        1001
        920
        996
        1005
        980
        987
        993
        1000
        975
        983
        1021
        994
        1022
        979
        964
        1017
        997
        955
        980
        1014
        986
        992
        1039
        1004
        953
        1022
        958
        986
        982
        980
        1017
        983
        1024
        969
        1049
        1010
        933
        1046
        991
        1004
        973
        1003
        964
        974
        995
        975
        947
        973
        952
        997
        927
        988
        968
        944
        1000
        987
        945
        994
        1020
        1005
        1004
        934
        1047
        947
        979
        978
        948
        1011
        948
        989
        970
        1030
        991
        964
        947
        935
        951
        983
        999
        949
        940
        1026
        973
        976
        985
        989
        945
        964
        938
        1033
        951
        926
        1010
        960
        972
        1000
        1008
        969
        935
        1037
        940
        948
        966
        1047
        1013
        1002
        1008
        1048
        991
        970
        1043
        964
        968
        975
        997
        1043
        1007
        997
        1033
        1000
        953
        1015
        988
        992
        939
        986
        1045
        994
        972
        965
        1024
        985
        997
        941
        1038
        982
