Spectrum_000 2
0.006186
2
0.3
        126
        131
        123
        124
        114
        119
        131
        127
        106
        112
        121
        129
        142
        140
        136
        118
        132
        137
        130
        106
        119
        121
        141
        108
        121
        123
        124
        125
        128
        123
        134
        133
        148
        121
        126
        133
        137
        129
        111
        119
        120
        138
        108
        131
        144
        105
        132
        137
        128
        149
        125
        135
        118
        132
        128
        115
        132
        123
        132
        143
        117
        122
        126
        112
        117
        128
        110
        123
        125
        128
        109
        137
        127
        119
        142
        125
        128
        115
        121
        127
        128
        128
        141
        136
        134
        123
        141
        128
        127
        140
        133
        124
        124
        160
        135
        127
        115
        123
        128
        119
        128
        112
        142
        107
        106
        117
        112
        118
        129
        131
        124
        154
        125
        121
        111
        120
        129
        124
        122
        123
        110
        119
        135
        109
        110
        118
        118
        116
        127
        133
        122
        117
        122
        117
        109
        130
        134
        122
        141
        133
        132
        114
        145
        114
        135
        106
        107
        131
        120
        115
        110
        106
        124
        134
        144
        117
        121
        119
        129
        129
        110
        146
        121
        124
        132
        121
        119
        134
        129
        129
        113
        111
        119
        132
        126
        135
        126
        129
        149
        128
        121
        131
        112
        115
        146
        142
        120
        131
        120
        104
        135
        134
        124
        126
        116
        106
        139
        139
        138
        129
        150
        114
        128
        136
        123
        135
        131
        124
        124
        142
        126
        113
        121
        106
        119
        132
        140
        117
        139
        133
        109
        149
        134
        125
        111
        118
        124
        124
        122
        138
        128
        114
        137
        121
        139
        120
        126
        135
        138
        113
        115
        139
        123
        128
        136
        116
        139
        122
        122
        104
        112
        114
        117
        158
        111
        129
        125
        138
        130
        145
        122
        126
        117
        128
        134
        126
        117
        123
        126
        127
        139
        112
        129
        130
        118
        106
        134
        123
        114
        137
        129
        127
        138
        127
        138
        133
        126
        118
        125
        122
        132
        110
        108
        128
        105
        120
        120
        107
        115
        112
        123
        132
        147
        132
        126
        114
        117
        115
        129
        125
        130
        112
        138
        124
        119
        146
        133
        132
        127
        109
        114
        124
        119
        126
        154
        122
        125
        132
        115
        119
        123
        136
        113
        134
        132
        123
        113
        125
        126
        113
        134
        128
        110
        131
        130
        123
        114
        122
        133
        111
        134
        114
        107
        113
        112
        119
        151
        125
        118
        130
        120
        134
        112
        130
        112
        121
        134
        116
        122
        108
        130
        109
        138
        124
        131
        127
        118
        124
        143
        115
        112
        129
        124
        122
        122
        105
        123
        108
        128
        137
        122
        122
        112
        147
        138
        123
        121
        128
        142
        121
        122
        136
        134
        148
        130
        116
        124
        151
        140
        130
        118
        109
        130
        127
        132
        131
        129
        136
        119
        138
        141
        114
        103
        139
        122
        115
        122
        122
        105
        133
        125
        133
        145
        136
        120
        128
        120
        129
        117
        138
        118
        122
        124
        144
        130
        135
        133
        119
        125
        138
        114
        136
        115
        124
        134
        120
        149
        113
        115
        135
        155
        117
        132
        127
        135
        119
        144
        123
        130
        126
        150
        115
        147
        134
        150
        122
        115
        140
        110
        116
        131
        127
        120
        107
        127
        134
        116
        134
        109
        130
        126
        122
        123
        129
        145
        137
        109
        136
        121
        132
        119
        118
        111
        138
        127
        127
        151
        126
        131
        111
        136
        110
        137
        106
        162
        116
        112
        137
        112
        128
        125
        129
        120
        126
        121
        111
        126
        121
        139
        123
        138
        129
        128
        128
        107
        115
        103
        143
        115
        135
        139
        122
        106
        133
        127
        118
        125
        140
        133
        125
        103
        112
        107
        131
        154
        141
        132
        150
        111
        140
        130
        124
        138
        118
        127
        131
        109
        113
        135
        112
        118
        151
        140
        124
        140
        138
        109
        108
        129
        127
        127
        133
        123
        124
        138
        128
        120
        119
        120
        117
        125
        115
        148
        125
        143
        105
        133
        135
        120
        122
        119
        137
        140
        114
        130
        112
        119
        121
        139
        119
        138
        117
        132
        144
        129
        132
        127
        119
        117
        119
        154
        115
        128
        126
        129
        108
        124
        112
        127
        136
        126
        108
        124
        143
        118
        110
        138
        124
        119
        140
        123
        123
        120
        103
        148
        117
        138
        131
        124
        122
        123
        118
        129
        106
        119
        107
        111
        107
        115
        134
        95
        131
        118
        128
        105
        115
        139
        130
        135
        120
        131
        104
        130
        124
        115
        128
        116
        120
        128
        122
        117
        119
        119
        127
        135
        126
        122
        136
        123
        138
        127
        108
        132
        133
        124
        102
        129
        114
        115
        123
        139
        122
        153
        98
        135
        131
        109
        112
        128
        123
        107
        100
        134
        116
        134
        131
        135
        124
        122
        119
        134
        125
        125
        128
        133
        127
        141
        134
        113
        121
        134
        120
        120
        128
        115
        133
        124
        128
        127
        119
        108
        134
        116
        118
        119
        154
        137
        104
        122
        118
        122
        134
        138
        111
        127
        123
        140
        118
        125
        125
        132
        121
        122
        119
        98
        129
        124
        124
        167
        118
        124
        108
        133
        125
        141
        137
        129
        134
        108
        119
        138
        139
        118
        109
        134
        132
        129
        101
        130
        128
        124
        122
        121
        124
        128
        129
        142
        104
        144
        120
        133
        131
        114
        116
        116
        125
        137
        135
        125
        129
        113
        131
        127
        124
        117
        122
        128
        136
        138
        130
        103
        138
        131
        138
        137
        140
        118
        116
        115
        122
        122
        127
        126
        120
        146
        133
        145
        123
        138
        108
        121
        114
        116
        145
        128
        137
        139
        118
        129
        131
        145
        119
        124
        127
        123
        142
        140
        132
        144
        112
        137
        136
        126
        117
        133
        144
        118
        101
        119
        126
        130
        106
        121
        119
        122
        138
        138
        147
        138
        134
        130
        125
        135
        120
        150
        135
        147
        139
        136
        134
        132
        131
        108
        119
        139
        116
        120
        132
        99
        125
        136
        121
        143
        121
        129
        139
        120
        122
        133
        138
        111
        137
        117
        126
        136
        114
        139
        142
        148
        140
        128
        132
        152
        127
        97
        124
        151
        143
        119
        151
        131
        154
        127
        139
        159
        148
        150
        143
        135
        122
        142
        148
        143
        139
        133
        154
        142
        130
        141
        131
        142
        114
        123
        152
        142
        142
        125
        135
        145
        149
        145
        139
        126
        141
        132
        136
        153
        148
        141
        122
        154
        169
        152
        124
        165
        137
        182
        129
        136
        121
        146
        137
        152
        141
        164
        152
        148
        138
        144
        142
        134
        153
        147
        160
        138
        154
        151
        167
        115
        140
        152
        160
        120
        158
        160
        164
        126
        163
        139
        149
        147
        131
        144
        145
        145
        143
        145
        154
        153
        171
        157
        157
        153
        140
        107
        139
        120
        138
        131
        142
        135
        162
        151
        123
        127
        140
        169
        142
        108
        155
        143
        141
        144
        138
        136
        137
        127
        131
        142
        138
        142
        148
        141
        151
        159
        144
        151
        143
        122
        125
        138
        109
        142
        154
        137
        151
        127
        145
        139
        133
        122
        131
        134
        131
        123
        142
        153
        125
        151
        145
        140
        134
        129
        131
        141
        143
        143
        135
        129
        127
        122
        137
        166
        138
        146
        127
        145
        139
        146
        133
        128
        150
        137
        144
        153
        112
        145
        127
        133
        120
        110
        140
        112
        128
        134
        145
        163
        108
        140
        111
        140
        138
        150
        119
        127
        125
        124
        125
        130
        128
        146
        130
        128
        130
        134
        125
        132
        146
        136
        125
        123
        108
        123
        127
        122
        138
        124
        134
        135
        122
        159
        151
        130
        115
        142
        147
        124
        139
        125
        108
        127
        112
        153
        126
        112
        140
        142
        131
        132
        131
        124
        127
        133
        115
        121
        135
        130
        137
        148
        131
        162
        132
        121
        137
        136
        150
        138
        132
        151
        141
        152
        151
        151
        139
        144
        128
        124
        153
        144
        137
        145
        138
        146
        148
        147
        124
        147
        139
        129
        141
        134
        144
        152
        147
        137
        128
        154
        144
        121
        162
        155
        147
        148
        137
        134
        142
        147
        155
        128
        159
        162
        164
        115
        158
        154
        154
        175
        158
        154
        154
        128
        164
        153
        180
        167
        153
        157
        156
        169
        134
        172
        143
        147
        174
        188
        199
        176
        164
        168
        171
        216
        211
        198
        204
        206
        220
        209
        220
        231
        226
        265
        270
        284
        285
        307
        325
        373
        332
        381
        434
        418
        456
        509
        518
        597
        607
        682
        759
        839
        901
        941
        1018
        1112
        1271
        1298
        1468
        1659
        1786
        1892
        2108
        2230
        2455
        2583
        2913
        3106
        3383
        3736
        3965
        4306
        4671
        5200
        5536
        5886
        6310
        6613
        7599
        8159
        8654
        9316
        9807
        10628
        11364
        12115
        12701
        13803
        14504
        15545
        16347
        17280
        18263
        19175
        20262
        21752
        22722
        23905
        25071
        26237
        27572
        28792
        30013
        31363
        32843
        34083
        35923
        37018
        38342
        39853
        40964
        42300
        43997
        45230
        46539
        48088
        49486
        50515
        51459
        53172
        54360
        55234
        57069
        57782
        58985
        59503
        60874
        61644
        62127
        63707
        64334
        64996
        65743
        66446
        67370
        67278
        67706
        68605
        68632
        68325
        69135
        69780
        69351
        69978
        69686
        69400
        69275
        69486
        69625
        69083
        69336
        68491
        68202
        68261
        66802
        66896
        66401
        66133
        65175
        65045
        64617
        63561
        62745
        62120
        61743
        60727
        59861
        59337
        58430
        57791
        57113
        56196
        55879
        55004
        54271
        53596
        52674
        51855
        51423
        49995
        49628
        48511
        48064
        47649
        46491
        45801
        45430
        44597
        43869
        43317
        42391
        41813
        41134
        40633
        39546
        39197
        38306
        38148
        37304
        36351
        35919
        35252
        35110
        34591
        33490
        33178
        32717
        32283
        31679
        31149
        30890
        30223
        29766
        29132
        29119
        28476
        27776
        27307
        27160
        26546
        25899
        25934
        25443
        25148
        24884
        24333
        23933
        23322
        23324
        23107
        22413
        22211
        21891
        21665
        21128
        20811
        20719
        20373
        20164
        19804
        19448
        19173
        18871
        18666
        18282
        18137
        18057
        17436
        17374
        17303
        16894
        16970
        16546
        16242
        16112
        15693
        15640
        15466
        15280
        14891
        14577
        14836
        14415
        14215
        13745
        13700
        13606
        13262
        13070
        13123
        12748
        12795
        12466
        12327
        12214
        12134
        12086
        11566
        11737
        11552
        11527
        11275
        11215
        11096
        10889
        10720
        10804
        10519
        10530
        10268
        10099
        9971
        9928
        9687
        9487
        9392
        9455
        9433
        9115
        9062
        9127
        8946
        8797
        8754
        8638
        8662
        8398
        8195
        8315
        8282
        8044
        8005
        7880
        7929
        7692
        7613
        7563
        7549
        7378
        7339
        7364
        7182
        7084
        7187
        6954
        6787
        6841
        6610
        6667
        6664
        6646
        6440
        6385
        6481
        6322
        6183
        6052
        6229
        6162
        5908
        6012
        6032
        5742
        5681
        5756
        5572
        5490
        5676
        5529
        5459
        5335
        5278
        5313
        5303
        5283
        5145
        5227
        5247
        5002
        5000
        4867
        4861
        4991
        4788
        4715
        4750
        4780
        4709
        4651
        4458
        4437
        4433
        4464
        4396
        4321
        4378
        4426
        4377
        4288
        4235
        4325
        4113
        4105
        4082
        4070
        3951
        4079
        3965
        3954
        3943
        3831
        3959
        3846
        3906
        3768
        3757
        3744
        3660
        3748
        3664
        3733
        3598
        3523
        3635
        3701
        3533
        3473
        3537
        3399
        3514
        3388
        3420
        3297
        3395
        3301
        3285
        3310
        3306
        3208
        3252
        3246
        3108
        3235
        3203
        3080
        3150
        3063
        3071
        3094
        3030
        2913
        2992
        3018
        3045
        2832
        2966
        3043
        2890
        2908
        2844
        2829
        2857
        2782
        2841
        2764
        2723
        2770
        2688
        2622
        2646
        2760
        2680
        2661
        2584
        2697
        2630
        2651
        2572
        2633
        2625
        2562
        2507
        2592
        2515
        2539
        2514
        2535
        2403
        2404
        2487
        2452
        2440
        2403
        2324
        2378
        2342
        2328
        2392
        2314
        2305
        2367
        2300
        2347
        2271
        2286
        2315
        2300
        2218
        2151
        2254
        2199
        2251
        2169
        2230
        2184
        2250
        2192
        2098
        2170
        2174
        2072
        2160
        2100
        2068
        2101
        1997
        2007
        2056
        2046
        1944
        2043
        2081
        1957
        2022
        2021
        1989
        1970
        2002
        1975
        1964
        1996
        1940
        2017
        1957
        1920
        1944
        1845
        1884
        1892
        1875
        1918
        1858
        1877
        1852
        1881
        1863
        1801
        1751
        1792
        1795
        1843
        1771
        1825
        1802
        1816
        1758
        1731
        1706
        1825
        1777
        1738
        1696
        1693
        1757
        1692
        1631
        1637
        1709
        1593
        1636
        1673
        1743
        1636
        1650
        1701
        1665
        1619
        1675
        1625
        1653
        1670
        1665
        1626
        1552
        1577
        1598
        1551
        1568
        1592
        1600
        1624
        1550
        1536
        1542
        1619
        1551
        1517
        1543
        1502
        1566
        1583
        1553
        1463
        1537
        1467
        1531
        1420
        1538
        1449
        1439
        1423
        1512
        1468
        1401
        1410
        1448
        1406
        1503
        1412
        1338
        1454
        1365
        1380
        1369
        1442
        1433
        1387
        1376
        1425
        1380
        1412
        1346
        1456
        1384
        1363
        1346
        1350
        1303
        1364
        1337
        1393
        1343
        1355
        1273
        1309
        1307
        1340
        1239
        1353
        1207
        1313
        1250
        1296
        1243
        1416
        1331
        1265
        1313
        1311
        1213
        1299
        1225
        1233
        1299
        1248
        1175
        1175
        1287
        1268
        1222
        1230
        1210
        1248
        1192
        1216
        1166
        1173
        1196
        1154
        1223
        1241
        1245
        1179
        1164
        1170
        1179
        1199
        1164
        1204
        1180
        1145
        1172
        1148
        1168
        1144
        1172
        1139
        1181
        1161
        1180
        1121
        1128
        1113
        1119
        1100
        1129
        1062
        1106
        1082
        1067
        1082
        1049
        1138
        1103
        1075
        1070
        1064
        1037
        1005
        1049
        1059
        1033
        1121
        1041
        1089
        1064
        986
        1054
        1056
        1025
        1023
        996
        1022
        1036
        995
        1043
        1055
        1039
        1034
        1001
        1032
        994
        1015
        990
        999
        1016
        993
        973
        939
        1021
        1023
        950
        966
        967
        969
        1005
        919
        998
        949
        943
        992
        884
        916
        968
        906
        965
        971
        899
        939
        957
        923
        951
        938
        926
        951
        979
        910
        929
        926
        882
        882
        961
        846
        876
        879
        905
        863
        924
        888
        864
        846
        876
        881
        905
        866
        832
        860
        862
        862
        898
        874
        885
        857
        855
        824
        876
        878
        868
        835
        852
        842
        800
        845
        795
        870
        773
        765
        842
        793
        840
        801
        780
        819
        774
        729
        773
        805
        787
        825
        816
        838
        840
        767
        853
        783
        805
        731
        770
        756
        824
        791
        778
        757
        759
        763
        737
        783
        792
        788
        732
        737
        778
        706
        762
        761
        769
        764
        723
        767
        744
        777
        775
        705
        740
        736
        753
        678
        730
        726
        718
        685
        695
        703
        724
        694
        697
        691
        739
        714
        672
        710
        715
        658
        708
        726
        684
        691
        687
        686
        680
        683
        630
        654
        678
        677
        632
        682
        695
        664
        673
        640
        685
        685
        665
        642
        662
        680
        642
        659
        611
        671
        657
        677
        659
        655
        603
        621
        615
        669
        641
        612
        664
        650
        653
        635
        606
        668
        686
        637
        614
        543
        613
        635
        587
        625
        619
        627
        554
        571
        579
        608
        591
        593
        627
        545
        627
        594
        637
        561
        591
        622
        621
        600
        587
        590
        567
        597
        594
        593
        614
        548
        583
        610
        616
        573
        558
        586
        581
        569
        597
        566
        538
        581
        620
        569
        587
        582
        550
        589
        569
        572
        537
        612
        517
        562
        522
        563
        602
        578
        548
        501
        508
        507
        565
        573
        563
        515
        555
        513
        518
        582
        527
        537
        539
        560
        569
        560
        546
        519
        574
        539
        537
        537
        493
        516
        545
        476
        507
        554
        491
        498
        513
        546
        524
        524
        526
        514
        499
        521
        523
        486
        524
        514
        454
        526
        492
        473
        521
        480
        470
        491
        454
        448
        503
        494
        499
        478
        501
        477
        522
        482
        493
        471
        468
        509
        463
        507
        449
        491
        475
        505
        468
        471
        483
        480
        500
        473
        492
        478
        463
        458
        467
        457
        488
        447
        429
        466
        451
        488
        463
        462
        481
        456
        470
        430
        469
        470
        446
        427
        480
        457
        460
        445
        470
        448
        438
        475
        455
        412
        446
        428
        436
        474
        449
        463
        424
        408
        438
        463
        449
        427
        424
        407
        417
        404
        414
        445
        450
        426
        423
        437
        416
        446
        412
        408
        386
        425
        449
        422
        397
        408
        411
        405
        399
        404
        403
        423
        431
        425
        418
        360
        426
        373
        390
        390
        399
        396
        387
        411
        405
        378
        366
        394
        430
        414
        400
        425
        376
        392
        359
        398
        368
        360
        417
        370
        411
        362
        433
        353
        388
        375
        403
        375
        364
        391
        362
        354
        353
        396
        393
        364
        348
        331
        424
        388
        391
        379
        390
        355
        340
        355
        354
        354
        407
        357
        400
        359
        353
        384
        360
        367
        351
        361
        378
        335
        332
        361
        353
        351
        350
        375
        362
        379
        352
        359
        354
        349
        378
        310
        347
        385
        383
        356
        336
        356
        384
        325
        340
        359
        351
        353
        336
        336
        362
        293
        332
        313
        365
        341
        333
        321
        347
        342
        340
        359
        346
        315
        339
        359
        320
        326
        327
        325
        301
        343
        345
        326
        340
        329
        334
        343
        344
        325
        346
        334
        295
        310
        314
        336
        308
        324
        308
        343
        337
        295
        313
        310
        326
        322
        314
        341
        328
        303
        367
        336
        318
        327
        327
        342
        328
        320
        302
        309
        306
        307
        305
        319
        346
        312
        303
        314
        323
        308
        293
        263
        304
        310
        316
        314
        307
        322
        279
        300
        306
        311
        312
        302
        313
        299
        298
        302
        305
        314
        267
        305
        306
        295
        306
        302
        303
        275
        302
        321
        300
        287
        272
        298
        293
        261
        294
        296
        290
        262
        283
        322
        281
        287
        282
        266
        286
        296
        245
        296
        281
        274
        282
        328
        282
        238
        281
        293
        313
        272
        297
        272
        275
        270
        303
        304
        308
        261
        259
        263
        265
        264
        260
        281
        285
        282
        281
        242
        277
        264
        241
        304
        276
        296
        282
        279
        275
        277
        238
        278
        264
        265
        275
        242
        285
        265
        269
        250
        263
        279
        234
        274
        269
        264
        267
        262
        263
        280
        249
        237
        269
        254
        245
        250
        279
        249
        255
        232
        249
        266
        281
        252
        244
        250
        248
        245
        251
        255
        247
        269
        270
        259
        254
        262
        264
        237
        251
        267
        230
        244
        269
        247
        248
        264
        261
        246
        235
        232
        224
        228
        242
        250
        243
        279
        245
        236
        254
        233
        266
        216
        243
        225
        217
        249
        243
        235
        223
        246
        246
        255
        265
        242
        222
        229
        238
        237
        240
        237
        246
        266
        263
        246
        222
        237
        233
        210
        255
        251
        231
        228
        264
        199
        238
        232
        252
        199
        218
        236
        208
        244
        237
        214
        258
        214
        248
        176
        239
        230
        233
        233
        251
        241
        210
        242
        236
        243
        230
        242
        235
        263
        246
        240
        244
        236
        250
        231
        227
        263
        223
        224
        217
        211
        230
        242
        208
        227
        183
        218
        217
        233
        218
        218
        209
        205
        221
        223
        219
        204
        223
        227
        235
        198
        227
        211
        210
        192
        221
        239
        194
        215
        235
        223
        194
        195
        228
        210
        222
        199
        216
        198
        192
        221
        183
        218
        204
        234
        221
        205
        208
        214
        218
        222
        205
        212
        234
        258
        185
        235
        211
        211
        210
        205
        215
        196
        194
        180
        215
        213
        219
        236
        198
        203
        200
        211
        200
        219
        195
        229
        191
        224
        192
        202
        220
        222
        190
        239
        219
        205
        206
        209
        209
        215
        237
        173
        224
        205
        208
        220
        221
        187
        206
        202
        216
        211
        196
        219
        211
        186
        204
        217
        190
        207
        192
        207
        197
        217
        220
        201
        187
        176
        174
        184
        195
        199
        201
        188
        191
        233
        209
        188
        173
        195
        189
        205
        191
        187
        179
        186
        193
        194
        217
        157
        215
        200
        191
        194
        209
        201
        183
        164
        189
        195
        187
        214
        203
        188
        170
        201
        149
        188
        175
        187
        185
        183
        185
        170
        203
        180
        179
        181
        174
        191
        183
        198
        190
        202
        200
        182
        196
        186
        190
        190
        187
        203
        185
        190
        194
        180
        178
        185
        189
        192
        213
        174
        174
        158
        198
        193
        184
        184
        180
        177
        182
        181
        176
        194
        184
        200
        189
        173
        201
        189
        162
        186
        161
        171
        176
        172
        170
        172
        177
        167
        199
        202
        166
        164
        209
        176
        187
        181
        182
        194
        198
        183
        196
        160
        165
        178
        172
        184
        178
        190
        158
        174
        178
        197
        190
        157
        179
        194
        202
        176
        173
        155
        174
        171
        166
        190
        180
        181
        170
        199
        172
        159
        158
        178
        182
        157
        147
        189
        195
        187
        173
        192
        182
        145
        178
        158
        174
        183
        194
        162
        170
        133
        157
        190
        173
        182
        180
        167
        200
        158
        165
        157
        197
        176
        159
        170
        170
        179
        174
        166
        163
        175
        185
        181
        149
        158
        171
        150
        157
        185
        200
        154
        158
        166
        179
        175
        178
        175
        183
        174
        162
        161
        166
        166
        153
        170
        156
        177
        160
        175
        166
        152
        155
        169
        181
        157
        181
        173
        159
        156
        188
        168
        156
        177
        148
        141
        168
        183
        168
        189
        175
        173
        163
        172
        169
        180
        177
        172
        137
        138
        163
        190
        130
        165
        160
        169
        142
        165
        160
        168
        167
        144
        177
        165
        156
        174
        175
        165
        176
        146
        153
        181
        167
        145
        150
        170
        167
        166
        155
        168
        170
        171
        162
        162
        158
        169
        166
        164
        151
        165
        151
        173
        166
        148
        161
        160
        174
        163
        153
        170
        160
        157
        152
        159
        154
        154
        146
        130
        147
        156
        161
        149
        180
        173
        151
        180
        158
        164
        168
        158
        147
        175
        146
        137
        162
        164
        177
        166
        148
        135
        145
        175
        147
        138
        170
        149
        151
        153
        157
        166
        125
        152
        167
        145
        152
        180
        141
        157
        143
        156
        156
        152
        171
        146
        174
        190
        149
        165
        176
        151
        159
        173
        162
        159
        144
        159
        160
        166
        151
        153
        151
        161
        144
        143
        132
        159
        155
        152
        135
        152
        159
        145
        167
        171
        155
        158
        151
        154
        151
        151
        156
        144
        161
        171
        143
        170
        133
        156
        152
        157
        135
        178
        140
        153
        157
        148
        144
        137
        171
        169
        155
        186
        155
        133
        153
        131
        140
        162
        149
        160
        158
        155
        166
        146
        152
        130
        171
        137
        142
        150
        161
        165
        134
        142
        129
        157
        142
        133
        147
        145
        158
        147
        136
        153
        150
        135
        172
        168
        166
        165
        137
        165
        162
        122
        146
        155
        164
        139
        153
        149
        141
        152
        149
        154
        138
        156
        139
        122
        180
        163
        128
        150
        176
        162
        128
        148
        154
        126
        143
        134
        147
        137
        130
        145
        131
        158
        142
        152
        151
        149
        144
        152
        143
        134
        127
        140
        157
        155
        131
        177
        182
        144
        142
        147
        150
        143
        183
        140
        128
        151
        138
        147
        139
        141
        145
        140
        129
        130
        143
        160
        145
        134
        146
        151
        139
        172
        145
        166
        115
        137
        127
        137
        147
        151
        137
        156
        158
        152
        147
        151
        139
        134
        144
        130
        138
        140
        149
        140
        144
        143
        140
        154
        123
        137
        166
        136
        137
        141
        167
        139
        144
        145
        158
        141
        131
        156
        144
        141
        128
        136
        155
        153
        153
        147
        146
        134
        151
        128
        155
        137
        134
        134
        150
        151
        147
        146
        149
        156
        131
        134
        131
        140
        135
        138
        140
        148
        144
        133
        138
        142
        148
        140
        137
        141
        131
        152
        138
        130
        122
        129
        151
        151
        147
        142
        142
        146
        140
        131
        134
        159
        148
        146
        138
        127
        141
        150
        140
        134
        170
        138
        144
        147
        127
        125
        149
        145
        159
        137
        119
        109
        144
        130
        174
        137
        158
        155
        134
        151
        133
        123
        152
        148
        144
        127
        141
        132
        141
        146
        124
        151
        142
        130
        137
        157
        144
        139
        143
        137
        154
        132
        135
        141
        151
        145
        129
        138
        123
        141
        158
        120
        150
        158
        132
        151
        136
        125
        152
        127
        150
        146
        139
        143
        124
        132
        145
        139
        161
        143
        128
        139
        137
        146
        144
        129
        124
        116
        128
        135
        138
        151
        137
        126
        149
        115
        158
        106
        132
        137
        141
        120
        155
        154
        140
        128
        132
        148
        152
        157
        155
        133
        143
        138
        144
        141
        138
        133
        144
        134
        130
        145
        133
        137
        144
        151
        132
        123
        117
        137
        130
        150
        148
        113
        132
        140
        130
        151
        116
        147
        152
        142
        149
        151
        133
        136
        114
        125
        125
        142
        136
        131
        141
        127
        137
        130
        130
        129
        147
        130
        153
        136
        124
        133
        128
        124
        159
        131
        149
        163
        131
        136
        142
        150
        136
        126
        119
        134
        138
        152
        113
        148
        122
        134
        125
        127
        131
        130
        143
        129
        144
        142
        133
        162
        140
        142
        122
        139
        131
        157
        141
        127
        162
        149
        125
        129
        136
        143
        137
        141
        140
        146
        144
        114
        149
        135
        141
        122
        134
        117
        129
        144
        125
        128
        136
        154
        137
        142
        129
        131
        160
        144
        147
        137
        152
        145
        142
        131
        149
        124
        142
        134
        140
        140
        111
        132
        120
        145
        126
        130
        130
        120
        132
        130
        139
        143
        141
        120
        117
        133
        144
        120
        132
        137
        119
        138
        127
        130
        105
        113
        138
        141
        126
        135
        131
        126
        150
        130
        142
        123
        149
        117
        125
        142
        131
        143
        122
        123
        147
        150
        118
        133
        150
        144
        129
        141
        126
        125
        114
        144
        110
        121
        115
        133
        118
        128
        149
        128
        161
        130
        135
        131
        123
        120
        132
        117
        116
        111
        119
        121
        137
        122
        150
        159
        124
        148
        127
        128
        131
        140
        129
        150
        128
        109
        125
        132
        114
        122
        132
        126
        130
        126
        116
        137
        116
        136
        167
        115
        142
        132
        151
        152
        132
        129
        143
        144
        120
        113
        143
        121
        132
        132
        136
        132
        144
        140
        141
        128
        135
        131
        151
        142
        122
        120
        130
        135
        151
        121
        154
        149
        130
        129
        128
        127
        165
        131
        130
        133
        136
        120
        147
        135
        139
        109
        135
        122
        130
        113
        117
        136
        148
        131
        150
        132
        126
        109
        142
        118
        142
        133
        136
        115
        135
        116
        135
        147
        136
        121
        102
        132
        136
        109
        123
        139
        152
        133
        122
        129
        121
        109
        135
        122
        132
        119
        127
        151
        126
        108
        127
        137
        127
        140
        108
        149
        123
        141
        119
        126
        141
        139
        133
        123
        140
        122
        136
        149
        134
        113
        129
        112
        130
        130
        143
        140
        149
        130
        128
        120
        109
        108
        123
        153
        139
        134
        136
        124
        130
        133
        133
        140
        143
        119
        116
        124
        134
        132
        120
        127
        130
        134
        151
        125
        124
        154
        139
        136
        128
        140
        129
        145
        165
        127
        125
        142
        137
        129
        113
        130
        143
        120
        129
        125
        138
        102
        147
        133
        118
        124
        122
        134
        122
        134
        127
        132
        135
        133
        132
        118
        124
        123
        141
        152
        140
        116
        138
        122
        122
        143
        123
        130
        110
        141
        105
        129
        122
        154
        121
        128
        131
        153
        140
        118
        112
        119
        123
        115
        106
        114
        133
        127
        142
        142
        129
        131
        123
        110
        129
        130
        138
        126
        116
        130
        148
        122
        151
        134
        120
        126
        146
        120
        138
        125
        139
        102
        123
        127
        120
        157
        119
        129
        126
        139
        123
        126
        113
        137
        130
        143
        126
        118
        143
        121
        120
        126
        124
        135
        145
        122
        146
        112
        127
        116
        124
        125
        122
        127
        135
        129
        98
        123
        134
        131
        120
        110
        123
        134
        143
        128
        111
        113
        155
        131
        131
        132
        129
        129
        118
        138
        127
        129
        142
        110
        125
        127
        120
        129
        116
        132
        119
        130
        127
        131
        122
        132
        114
        126
        122
        130
        127
        120
        147
        145
        131
        128
        138
        127
        127
        115
        125
        127
        140
        129
        142
        130
        128
        121
        129
        144
        124
        121
        110
        133
        128
        138
        133
        124
        130
        116
        118
        110
        133
        127
        139
        138
        116
        120
        132
        127
        135
        123
        132
        122
        114
        134
        143
        105
        137
        117
        124
        115
        125
        128
        133
        144
        141
        126
        146
        139
        127
        141
        138
        140
        129
        127
        128
        123
        131
        119
        120
        107
        114
        119
        126
        151
        126
        148
        130
        140
        132
        122
        123
        132
        125
        114
        131
        110
        140
        115
        134
        131
        146
        147
        136
        124
        143
        143
        113
        130
        131
        112
        135
        146
        130
        118
        136
        119
        141
        123
        141
        136
        132
        145
        120
        122
        143
        121
        139
        112
        130
        112
        130
        134
        117
        131
        116
        157
        124
        131
        121
        123
        129
        126
        116
        126
        123
        137
        125
        141
        133
        117
        134
        134
        124
        131
        124
        122
        125
        119
        116
        152
        156
        132
        138
        112
        125
        125
        121
        133
        118
        130
        142
        139
        114
        153
        133
        112
        114
        128
        126
        138
        128
        118
        133
        121
        119
        136
        138
        128
        128
        135
        144
        135
        130
        123
        131
        123
        133
        140
        137
        127
        118
        130
        126
        121
        126
        119
        118
        115
        127
        136
        125
        102
        128
        124
        112
        141
        156
        118
        125
        120
        127
        132
        130
        120
        116
        114
        120
        113
        116
        126
        130
        115
        135
        113
        119
        130
        129
        142
        127
        132
        121
        126
        125
        124
        128
        108
        111
        103
        137
        128
        114
        139
        134
        126
        127
        134
        148
        115
        115
        146
        122
        117
        116
        119
        113
        122
        114
        138
        117
        141
        115
        139
        128
        142
        129
        106
        144
        125
        119
        121
        140
        124
        138
        134
        114
        150
        127
        128
        107
        137
        107
        130
        135
        133
        116
        119
        138
        137
        125
        125
        138
        104
        137
        140
        123
        116
        119
        118
        116
        110
        129
        133
        127
        159
        142
        132
        114
        133
        133
        138
        112
        125
        127
        122
        139
        126
        124
        118
        143
        126
        124
        116
        116
        109
        135
        127
        123
        128
        122
        134
        128
        142
        126
        124
        132
        118
        129
        116
        110
        115
        132
        108
        113
        118
        124
        126
        124
        114
        112
        111
        114
        141
        123
        144
        132
        136
        138
        128
        130
        114
        125
        125
        137
        128
        127
        129
        138
        124
        122
        111
        113
        132
        101
        112
        94
        134
        154
        149
        117
        115
        108
        134
        113
        110
        116
        138
        124
        131
        101
        146
        123
        145
        131
        122
        130
        146
        114
        130
        114
        113
        125
        102
        129
        131
        125
        130
        110
        105
        123
        111
        149
        107
        127
        154
        129
        130
        119
        139
        100
        128
        117
        137
        118
        118
        111
        110
        129
        107
        132
        107
        148
        115
        123
        113
        128
        118
        139
        128
        119
        124
        119
        148
        135
        103
        105
        125
        121
        110
        126
        156
        121
        109
        126
        154
        135
        116
        112
        118
        120
        114
        120
        116
        120
        141
        138
        134
        124
        108
        113
        149
        111
        132
        110
        122
        134
        116
        136
        118
        108
        129
        120
        117
        130
        128
        111
        124
        114
        134
        131
        130
        122
        121
        112
        102
        127
        134
        146
        119
        109
        130
        118
        125
        131
        123
        119
        128
        117
        110
        127
        135
        140
        124
        139
        137
        120
        129
        125
        134
        126
        134
        135
        125
        124
        116
        128
        119
        140
        147
        128
        126
        123
        125
        137
        107
        115
        124
        103
        136
        144
        129
        114
        136
        111
        128
        116
        130
        126
        145
        101
        123
        147
        122
        115
        119
        140
        127
        130
        128
        124
        122
        154
        118
        113
        130
        129
        125
        134
        123
        123
        114
        121
        125
        132
        115
        115
        130
        122
        134
        126
        138
        150
        107
        108
        130
        133
        121
        125
        116
        120
        113
        106
        134
        121
        119
        134
        119
        120
        125
        124
        149
        129
        123
        100
        120
        97
        139
        148
        128
        125
        108
        134
        114
        138
        128
        114
        120
        130
        129
        121
        115
        121
        119
        126
        96
        136
        149
        124
        118
        127
        117
        126
        129
        130
        125
        129
        116
        134
        127
        113
        127
        125
        158
        114
        126
        102
        120
        111
        119
        120
        120
        125
        107
        134
        137
        145
        115
        123
        130
        144
        135
        110
        113
        134
        122
        118
        127
        137
        117
        107
        139
        116
        143
        124
        126
        110
        121
        131
        125
        130
        129
        113
        115
        120
        144
        141
        120
        134
        123
        129
        128
        116
        149
        122
        142
        123
        129
        117
        141
        129
        129
        130
        106
        126
        120
        124
        115
        124
        146
        138
        125
        123
        127
        116
        131
        118
        135
        122
        124
        115
        117
        143
        112
        112
        119
        121
        108
        127
        121
        136
        122
        126
        119
        114
        129
        122
        119
        130
        125
        138
        122
        127
        132
        128
        151
        124
        115
        125
        133
        135
        130
        144
        125
        127
        103
        118
        103
        122
        120
        110
        143
        137
        145
        96
        137
        143
        126
        147
        128
        111
        121
        124
        124
        123
        129
        128
        132
        118
        123
        133
        127
        147
        138
        120
        114
        112
        137
        115
        110
        128
        133
        132
        121
        127
        120
        109
        127
        134
        130
        142
        123
        141
        119
        115
        108
        109
        117
        119
        127
        124
        125
        116
        117
        139
        131
        121
        131
        115
        124
        121
        116
        115
        131
        118
        122
        134
        125
        123
        105
        119
        130
        110
        110
        117
        108
        115
        103
        125
        113
        111
        139
        108
        120
        142
        123
        109
        122
        151
        136
        103
        116
        106
        129
        128
        128
        109
        136
        122
        135
        99
        131
        109
        105
        125
        115
        126
        135
        123
        134
        107
        125
        132
        139
        111
        134
        129
        134
        120
        135
        128
        115
        133
        122
        125
        128
        142
        132
        122
        144
        122
        126
        109
        128
        125
        132
        135
        124
        128
        134
        133
        113
        115
        121
        136
        137
        149
        137
        116
        125
        114
        133
        109
        121
        135
        126
        110
        120
        124
        128
        134
        124
        135
        116
        138
        125
        102
        117
        116
        120
        129
        127
        133
        130
        119
        112
        118
        108
        147
        127
        121
        120
        123
        130
        127
        140
        119
        117
        127
        127
        126
        121
        114
        150
        124
        119
        121
        130
        154
        120
        118
        125
        124
        123
        154
        103
        142
        123
        114
        121
        115
        115
        131
        140
        122
        132
        134
        125
        124
        108
        108
        119
        117
        120
        110
        126
        148
        122
        126
        124
        153
        129
        121
        108
        132
        118
        121
        133
        96
        121
        131
        121
        104
        132
        138
        140
        138
        104
        131
        123
        111
        126
        119
        134
        122
        139
        132
        127
        124
        130
        110
        93
        105
        125
        132
        128
        128
        131
        133
        116
        108
        122
        129
        136
        131
        140
        115
        128
        127
        126
        141
        125
        119
        130
        145
        129
        138
        119
        112
        132
        126
        110
        120
        141
        128
        116
        114
        122
        122
        109
        127
        128
        122
        102
        139
        135
        134
        106
        122
        116
        114
        139
        121
        125
        140
        127
        118
        110
        106
        125
        143
        128
        127
        108
        119
        127
        147
        134
        122
        111
        138
        121
        106
        137
        114
        122
        115
        129
        131
        130
        102
        106
        137
        124
        133
        147
        109
        124
        144
        150
        137
        115
        128
        126
        140
        105
        139
        116
        137
        136
        116
        141
        141
        124
        120
        124
        126
        131
        122
        130
        124
        125
        118
        129
        138
        112
        132
        153
        144
        124
        124
        121
        111
        129
        113
        118
        119
        135
        130
        123
        116
        102
        138
        140
        116
        127
        122
        129
        138
        121
        140
        119
        136
        118
        125
        105
        130
        130
        127
        131
        109
        128
        123
        101
        127
        125
        120
        109
        123
        99
        124
        135
        130
        123
        121
        139
        126
        130
        130
        145
        119
        114
        117
        128
        143
        116
        133
        120
        115
        114
        114
        120
        108
        131
        126
        129
        107
        128
        110
        115
        107
        105
        107
        154
        121
        127
        127
        126
        120
        123
        124
        144
        125
        118
        133
        131
        107
        106
        122
        133
        134
        114
        127
        119
        128
        140
        132
        115
        115
        124
        129
        116
        118
        117
        110
        122
        135
        110
        151
        132
        104
        128
        122
        146
        105
        120
        125
        147
        141
        125
        127
        131
        113
        127
        124
        115
        132
        123
        122
        112
        126
        126
        118
        120
        134
        118
        122
        134
        144
        130
        138
        114
        132
        110
        133
        137
        116
        119
        139
        147
        118
        114
        132
        121
        142
        137
        115
        131
        135
        123
        134
        117
        115
        123
        119
        130
        130
        127
        117
        110
        123
        101
        139
        120
        133
        114
        131
        139
        127
        126
        130
        120
        120
        140
        134
        121
        137
        127
        113
        115
        139
        138
        131
        121
        141
        132
        121
        138
        138
        96
        116
        132
        120
        125
        152
        118
        113
        135
        117
        134
        100
        133
        119
        128
        110
        137
        125
        132
        111
        136
        126
        128
        118
        113
        149
        134
        145
        121
        114
        111
        117
        114
        137
        114
        124
        109
        130
        107
        127
        135
        115
        121
        124
        136
        128
        123
        117
        124
        130
        152
        132
        112
        151
        133
        123
        134
        138
        124
        108
        120
        138
        137
        131
        136
        114
        118
        125
        138
        97
        120
        109
        106
        146
        129
        123
        108
        111
        105
        123
        108
        121
        111
        110
        148
        115
        118
        107
        147
        115
        141
        141
        131
        125
        126
        113
        103
        138
        119
        132
        134
        143
        118
        121
        128
        129
        121
        130
        101
        116
        132
        120
        104
        116
        126
        141
        127
        118
        127
        134
        128
        130
        120
        118
        125
        147
        146
        117
        143
        121
        113
        100
        119
        159
        124
        127
        119
        116
        115
        128
        139
        125
        141
        148
        137
        135
        131
        129
        125
        135
        125
        115
        120
        119
        107
        127
        123
        139
        133
        109
        130
        123
        117
        124
        127
        120
        135
        134
        132
        133
        136
        106
        116
        137
        139
        129
        118
        138
        123
        134
        125
        151
        128
        126
        129
        145
        124
        110
        124
        128
        128
        120
        129
        138
        138
        115
        126
        137
        127
        123
        88
        139
        112
        120
        125
        130
        135
        112
        112
        121
        122
        134
        118
        114
        134
        111
        123
        111
        126
        116
        117
        128
        123
        141
        120
        122
        120
        134
        127
        120
        154
        136
        122
        130
        112
        119
        133
        132
        106
        130
        119
        133
        120
        138
        122
        123
        109
        132
        122
        127
        120
        135
        134
        126
        139
        117
        118
        131
        118
        115
        100
        125
        129
        114
        132
        117
        131
        114
        117
        117
        111
        142
        134
        133
        117
        128
        123
        132
        144
        125
        119
        114
        125
        112
        100
        125
        106
        116
        134
        125
        122
        138
        124
        117
        141
        119
        125
        133
        139
        138
        128
        98
        118
        121
        141
        150
        112
        117
        129
        135
        129
        128
        122
        138
        120
        121
        121
        130
        119
        116
        136
        116
        134
        133
        139
        137
        130
        165
        122
        122
        119
        124
        101
        142
        130
        129
        133
        130
        140
        122
        125
        129
        101
        127
        118
        136
        128
        120
        136
        119
        126
        110
        130
        125
        127
        134
        119
        122
        120
        125
        118
        149
        128
        108
        133
        124
        105
        113
        120
        123
        110
        137
        118
        118
        131
        132
        129
        121
        125
        132
        120
        109
        125
        132
        124
        119
        125
        124
        141
        111
        120
        136
        116
        121
        138
        137
        120
        121
        135
        127
        133
        116
        126
        127
        122
        127
        129
        128
        134
        116
        133
        123
        109
        133
        119
        125
        128
        117
        117
        137
        116
        139
        111
        128
        115
        133
        118
        108
        135
        115
        131
        129
        108
        142
        133
        136
        125
        129
        122
        121
        123
        118
        120
        109
        136
        121
        143
        132
        129
        114
        124
        127
        103
        117
        120
        129
        99
        111
        128
        104
        121
        116
        123
        133
        154
        127
        156
        110
        130
        133
        123
        120
        124
        138
        111
        111
        139
        150
        125
        102
        107
        124
        130
        129
        139
        119
        115
        122
        110
        103
        118
        123
        111
        136
        119
        122
        120
        124
        136
        133
        103
        134
        140
        133
        113
        117
        144
        129
        128
        117
        115
        129
        118
        121
        117
        124
        116
        135
        125
        135
        129
        130
        138
        126
        125
        113
        131
        108
        123
        96
        114
        135
        120
        124
        141
        127
        128
        128
        118
        130
        127
        131
        127
        116
        134
        144
        122
        110
        121
        129
        127
        127
        125
        139
        132
        139
        118
        122
        143
        132
        122
        123
        123
        147
        128
        133
        105
        105
        111
        120
        113
        129
        129
        114
        132
        143
        124
        144
        118
        120
        130
        116
        117
        129
        128
        117
        127
        127
        127
        133
        132
        129
        123
        137
        128
        122
        120
        121
        124
        115
        136
        142
        129
        107
        136
        116
        138
        124
        132
        127
        128
        116
        136
        97
        123
        124
        130
        113
        136
        133
        142
        111
        126
        113
        109
        132
        130
        139
        102
        110
        126
        131
        108
        110
        105
        125
        118
        123
        115
        142
        125
        124
        121
        134
        141
        123
        102
        135
        114
        123
        116
        108
        118
        135
        127
        139
        126
        134
        103
        122
        118
        130
        112
        125
        112
        121
        106
        124
        128
        120
        122
        119
        121
        120
        116
        122
        146
        125
        125
        121
        120
        95
        129
        113
        123
        127
        122
        108
        124
        119
        115
        110
        125
        116
        116
        137
        126
        125
        127
        111
        96
        111
        121
        134
        129
        115
        136
        129
        120
        112
        146
        120
        113
        114
        140
        128
        146
        117
        129
        96
        116
        131
        115
        117
        134
        111
        143
        102
        115
        132
        126
        129
        118
        134
        138
        127
        140
        126
        125
        126
        115
        142
        108
        136
        139
        118
        124
        111
        123
        124
        127
        115
        138
        123
        125
        132
        119
        109
        99
        124
        93
        115
        126
        145
        113
        130
        117
        136
        119
        121
        133
        143
        123
        107
        138
        145
        103
        120
        132
        126
        131
        128
        130
        125
        131
        100
        121
        131
        125
        136
        119
        134
        127
        109
        130
        108
        121
        108
        124
        134
        121
        120
        145
        122
        132
        125
        135
        100
        129
        142
        126
        119
        122
        99
        121
        126
        137
        112
        142
        118
        106
        130
        107
        110
        133
        118
        121
        126
        113
        131
        102
        120
        138
        111
        124
        113
        137
        124
        133
        112
        125
        109
        120
        138
        126
        113
        115
        119
        143
        133
        146
        139
        128
        124
        125
        142
        125
        138
        132
        108
        117
        120
        109
        128
        131
        138
        111
        127
        147
        122
        105
        126
        114
        126
        120
        133
        145
        119
        117
        121
        118
        125
        116
        111
        115
        132
        118
        119
        128
        128
        113
        106
        125
        139
        128
        103
        141
        133
        118
        117
        120
        117
        126
        130
        115
        115
        141
        136
        132
        142
        132
        113
        134
        104
        112
        106
        146
        131
        110
        130
        117
        140
        112
        133
        128
        133
        126
        102
        117
        103
        134
        115
        121
        126
        132
        138
        137
        121
        126
        124
        112
        149
        118
        137
        99
        139
        116
        105
        127
        120
        124
        123
        137
        133
        135
        116
        140
        125
        144
        130
        135
        135
        124
        119
        128
        136
        124
        132
        132
        136
        124
        112
        123
        129
        116
        118
        127
        122
        92
        136
        136
        131
        120
        119
        147
        141
        125
        140
        115
        149
        115
        134
        138
        130
        143
        111
        120
        142
        122
        132
        109
        126
        115
        115
        118
        135
        132
        117
        127
        117
        120
        114
        105
        118
        122
        127
        118
        129
        114
        132
        124
        132
        128
        126
        122
        130
        130
        131
        117
        148
        132
        129
        104
        123
        112
        133
        131
        140
        117
        119
        127
        134
        124
        141
        129
        114
        116
        113
        129
        126
        139
        121
        114
        109
        145
        129
        128
        117
        97
        131
        115
        127
        145
        119
        112
        125
        103
        111
        139
        132
        125
        116
        127
        124
        134
        119
        133
        126
        118
        118
        125
        124
        120
        127
        125
        118
        127
        126
        133
        128
        118
        117
        126
        113
        119
        123
        130
        129
        129
        111
        144
        121
        115
        138
        107
        132
        150
        104
        109
        130
        126
        117
        127
        124
        121
        142
        130
        136
        111
        116
        134
        139
        120
        126
        143
        119
        118
        129
        141
        132
        121
        116
        122
        136
        127
        130
        108
        119
        128
        133
        127
        127
        114
        110
        129
        129
        130
        122
        117
        132
        126
        128
        119
        113
        125
        159
        119
        127
        108
        125
        132
        127
        142
        120
        130
        127
        127
        139
        119
        115
        138
        114
        121
        146
        114
        125
        101
        133
        125
        116
        129
        125
        123
        114
        121
        113
        122
        130
        114
        108
        132
        135
        109
        118
        121
        114
        110
        116
        96
        107
        128
        115
        132
        129
        122
        118
        127
        132
        110
        123
        114
        108
        116
        129
        153
        115
        119
        126
        114
        121
        142
        130
        137
        106
        136
        151
        116
        138
        119
        136
        128
        128
        112
        148
        94
        116
        134
        119
        133
        124
        130
        125
        113
        122
        122
        108
        109
        152
        130
        133
        125
        135
        134
        118
        140
        143
        134
        110
        98
        135
        118
        111
        125
        134
        117
        117
        134
        132
        146
        128
        126
        131
        131
        142
        96
        130
        114
        127
        112
        130
        126
        122
        138
        135
        129
        134
        134
        117
        131
        139
        120
        140
        131
        135
        120
        130
        131
        111
        146
        131
        134
        123
        126
        135
        122
        137
        133
        130
        114
        114
        109
        139
        133
        112
        131
        127
        142
        121
        134
        124
        130
        117
        117
        129
        127
        130
        120
        117
        105
        131
        123
        137
        135
        118
        127
        120
        114
        132
        124
        107
        139
        124
        143
        118
        123
        119
        129
        99
        122
        130
        122
        141
        139
        135
        121
        135
        113
        138
        132
        148
        101
        119
        116
        139
        136
        111
        130
        142
        106
        129
        115
        124
        138
        133
        126
        139
        114
        117
        107
        113
        127
        124
        123
        147
        127
        113
        139
        124
        125
        129
        122
        121
        128
        136
        140
        127
        123
        139
        137
        118
        149
        122
        124
        130
        136
        124
        119
        123
        120
        126
        124
        112
        116
        139
        122
        148
        138
        144
        119
        132
        99
        92
        137
        121
        109
        118
        114
        124
        140
        127
        141
        134
        127
        121
        140
        110
        127
        143
        128
        112
        123
        115
        147
        137
        125
        122
        102
        116
        112
        125
        100
        128
        119
        114
        113
        125
        125
        133
        127
        116
        136
        124
        127
        118
        114
        117
        141
        110
        131
        125
        132
        123
        126
        131
        122
        119
        127
        141
        107
        120
        122
        120
        125
        120
        131
        152
        128
        114
        125
        122
        137
        133
        106
        131
        141
        129
        123
        126
        136
        101
        133
        114
        127
        117
        142
        112
        112
        149
        139
        125
        131
        110
