$SPEC_ID:
No sample description was entered.
$SPEC_REM:
DET# 1
DETDESC# AMD64-X2-3800 MCB 129
AP# Maestro Version 7.01
$DATE_MEA:
11/15/2018 18:24:46
$MEAS_TIM:
3600 3606
$DATA:
0 8191
       0
       0
       0
       0
       0
       0
       0
       0
       0
       0
       0
       0
       0
       0
       0
       0
       0
       0
       0
       0
       0
       0
       0
       0
       0
       0
       0
       0
       0
       0
       0
       0
       0
       0
       0
       0
       0
       0
       0
       0
       0
       0
       0
       0
       1
       0
       0
       0
       0
       0
       0
       0
       0
       0
       0
       0
       0
       0
       0
       0
       0
       0
       0
       0
       0
       0
       0
       0
       0
       0
       0
       0
       0
       0
       0
       0
       0
       0
       0
       0
       0
       0
       0
       0
       0
       0
       0
       0
       0
       0
       0
       0
       0
       0
       0
       0
       0
       0
       0
       0
       0
       0
       0
       0
       0
       0
       0
       0
       0
       0
       0
       0
       0
       0
       0
       0
       0
       0
       0
       0
       0
       0
       0
       0
       0
       0
       0
       0
       0
       0
       0
       0
       0
       0
       0
       0
       0
       0
       0
       0
       0
       0
       0
       0
       0
       0
       0
       0
       0
       0
       0
       0
       0
       0
       0
       0
       0
       0
       0
       0
       0
       0
       0
       0
       0
       0
       0
       0
       0
       0
       0
       0
       0
       0
       0
       0
       0
       0
       0
       0
       0
       0
       0
       0
       0
       0
       0
       0
       0
       0
       0
       0
       0
       0
       0
       0
       0
       0
       0
       0
       0
       0
       0
       0
       0
       0
       0
       0
       0
       0
       0
       0
       0
       0
       0
       0
       0
       0
       0
       0
       0
       0
       0
       0
       0
       0
       0
       0
       0
       0
       0
       0
       0
       0
       0
       0
       0
       0
       0
       0
       0
       0
       0
       0
       0
       0
       0
       0
       0
       0
       0
       0
       0
       0
       0
       0
       0
       0
       0
       0
       0
       0
       0
       0
       0
       0
       0
       0
       0
       0
       0
       0
       0
       0
       0
       0
       0
       0
       0
       0
       0
       0
       0
       0
       0
       0
       0
       0
       0
       0
       0
       0
       0
       0
       0
       0
       0
       0
       0
       0
       0
       0
       0
       0
       0
       0
       0
       0
       0
       0
       0
       0
       0
       0
       0
       0
       0
       0
       0
       0
       0
       0
       0
       0
       0
       0
       0
       0
       0
       0
       0
       0
       0
       0
       0
       0
       0
       0
       0
       0
       0
       0
       0
       0
       0
       0
       0
       0
       0
       0
       0
       0
       0
       0
       0
       0
       0
       0
       0
       0
       0
       0
       0
       0
       0
       0
       0
       0
       0
       0
       0
       0
       0
       0
       0
       0
       0
       0
       0
       0
       0
       0
       0
       0
       0
       0
       0
       0
       0
       0
       0
       0
       0
       0
       0
       0
       0
       0
       0
       0
       0
       0
       0
       0
       0
       0
       0
       0
       0
       0
       0
       0
       0
       0
       0
       0
       0
       0
       0
       0
       0
       0
       0
       0
       0
       0
       0
       0
       0
       0
       0
       0
       0
       0
       0
       1
       0
       0
       0
       1
       0
       2
       0
       1
       0
       0
       0
       0
       0
       0
       0
       0
       0
       0
       1
       0
       0
       1
       0
       1
       0
       0
       0
       2
       0
       0
       0
       0
       0
       0
       0
       0
       0
       0
       0
       0
       2
       0
       0
       0
       0
       0
       0
       0
       0
       0
       0
       0
       1
       0
       0
       0
       0
       0
       1
       1
       0
       0
       0
       0
       0
       1
       0
       0
       0
       0
       0
       0
       0
       0
       0
       0
       0
       0
       0
       0
       0
       0
       0
       0
       0
       0
       0
       1
       0
       1
       0
       1
       0
       1
       0
       0
       0
       0
       0
       1
       0
       0
       0
       0
       0
       0
       0
       0
       0
       0
       0
       0
       0
       0
       1
       0
       0
       0
       0
       0
       0
       0
       0
       0
       0
       0
       0
       0
       0
       0
       1
       0
       0
       0
       1
       0
       0
       0
       0
       0
       0
       0
       0
       0
       0
       0
       0
       1
       0
       0
       0
       0
       0
       0
       0
       0
       0
       0
       0
       0
       0
       0
       0
       0
       0
       2
       1
       0
       1
       1
       2
       0
       2
       4
       1
       3
       3
      12
       7
      15
       8
      13
      18
      20
      29
      29
      33
      34
      49
      38
      33
      40
      42
      46
      28
      58
      52
      41
      46
      47
      38
      44
      49
      33
      39
      31
      52
      43
      47
      39
      49
      47
      42
      41
      38
      45
      37
      45
      28
      31
      50
      41
      50
      33
      42
      35
      33
      38
      43
      35
      35
      45
      39
      43
      50
      33
      33
      45
      38
      46
      30
      39
      41
      39
      42
      35
      37
      31
      40
      38
      49
      35
      52
      44
      35
      49
      32
      47
      31
      43
      35
      38
      35
      37
      32
      41
      36
      37
      32
      50
      45
      41
      27
      29
      40
      43
      50
      46
      42
      42
      32
      41
      44
      43
      29
      42
      38
      37
      42
      47
      37
      44
      36
      40
      37
      33
      34
      30
      48
      37
      44
      47
      30
      42
      42
      41
      32
      46
      35
      42
      43
      42
      47
      35
      42
      38
      32
      25
      35
      39
      34
      44
      32
      45
      42
      25
      32
      37
      38
      45
      43
      39
      41
      46
      41
      55
      42
      46
      30
      36
      31
      39
      40
      39
      29
      32
      37
      39
      38
      44
      55
      48
      36
      36
      52
      41
      36
      36
      33
      42
      41
      42
      50
      38
      39
      43
      41
      39
      32
      36
      41
      36
      33
      44
      46
      40
      36
      36
      38
      28
      35
      42
      30
      38
      47
      36
      37
      31
      41
      51
      40
      35
      45
      40
      42
      36
      39
      35
      32
      44
      42
      34
      36
      37
      42
      49
      42
      38
      31
      34
      30
      30
      52
      53
      26
      48
      47
      31
      32
      38
      35
      34
      41
      33
      36
      34
      36
      43
      43
      52
      46
      49
      48
      41
      35
      33
      42
      31
      35
      43
      49
      36
      45
      32
      40
      36
      38
      37
      40
      29
      39
      38
      51
      38
      36
      41
      36
      36
      41
      39
      35
      36
      36
      41
      46
      32
      39
      45
      40
      30
      43
      47
      33
      33
      44
      38
      43
      38
      37
      36
      33
      51
      40
      49
      32
      53
      42
      40
      27
      41
      35
      36
      25
      41
      34
      46
      51
      30
      23
      38
      38
      46
      45
      46
      46
      34
      28
      37
      39
      34
      43
      38
      42
      35
      33
      36
      40
      54
      33
      35
      32
      33
      39
      38
      45
      50
      49
      34
      34
      49
      36
      25
      42
      39
      41
      39
      37
      46
      48
      47
      31
      40
      37
      44
      28
      36
      42
      37
      45
      41
      38
      40
      35
      23
      41
      33
      44
      42
      30
      44
      41
      43
      37
      34
      38
      46
      41
      36
      34
      42
      47
      44
      33
      46
      39
      39
      38
      41
      46
      33
      51
      49
      38
      40
      36
      49
      27
      58
      42
      30
      42
      43
      46
      46
      40
      37
      33
      37
      47
      42
      32
      53
      48
      40
      42
      44
      37
      41
      43
      47
      39
      43
      38
      40
      42
      29
      35
      42
      41
      41
      34
      50
      45
      45
      34
      41
      43
      38
      42
      31
      34
      40
      42
      35
      30
      39
      36
      46
      38
      35
      50
      28
      39
      46
      32
      52
      41
      40
      31
      37
      35
      46
      48
      44
      35
      35
      37
      33
      46
      29
      39
      29
      38
      47
      41
      46
      37
      35
      36
      39
      27
      39
      43
      35
      39
      37
      34
      39
      36
      27
      43
      46
      35
      38
      37
      41
      32
      44
      34
      44
      40
      38
      37
      35
      40
      52
      43
      30
      39
      50
      40
      40
      49
      36
      36
      26
      22
      45
      34
      32
      29
      34
      41
      33
      49
      39
      44
      39
      46
      35
      43
      48
      42
      39
      30
      33
      39
      31
      41
      26
      39
      39
      34
      33
      33
      40
      48
      44
      33
      44
      37
      48
      44
      29
      34
      39
      36
      32
      36
      40
      38
      42
      36
      47
      47
      36
      36
      42
      31
      37
      46
      44
      38
      38
      41
      35
      35
      39
      42
      43
      44
      42
      37
      34
      35
      33
      33
      31
      40
      32
      32
      39
      44
      34
      40
      42
      36
      40
      42
      41
      39
      46
      50
      35
      48
      47
      35
      35
      41
      49
      33
      40
      44
      43
      35
      48
      34
      46
      42
      39
      42
      45
      42
      41
      41
      40
      31
      42
      40
      33
      30
      42
      42
      43
      41
      41
      41
      44
      38
      44
      40
      43
      43
      44
      41
      45
      41
      32
      37
      46
      44
      29
      32
      43
      41
      44
      50
      49
      39
      45
      44
      46
      46
      49
      49
      36
      41
      43
      37
      29
      41
      41
      37
      39
      42
      37
      42
      38
      32
      38
      42
      34
      36
      37
      44
      45
      35
      35
      33
      38
      31
      36
      34
      49
      46
      44
      36
      39
      35
      39
      36
      40
      38
      47
      38
      36
      39
      41
      40
      42
      40
      39
      39
      31
      37
      35
      35
      32
      48
      42
      33
      47
      33
      36
      27
      45
      33
      37
      47
      43
      33
      45
      44
      46
      31
      37
      36
      40
      29
      41
      45
      34
      60
      41
      49
      41
      38
      28
      29
      36
      56
      45
      46
      43
      40
      50
      46
      37
      40
      52
      40
      35
      41
      40
      43
      34
      25
      31
      40
      48
      38
      52
      36
      40
      42
      49
      27
      54
      18
      47
      36
      34
      37
      43
      32
      52
      35
      42
      49
      47
      45
      37
      26
      42
      35
      27
      34
      35
      40
      45
      48
      39
      39
      48
      40
      42
      34
      29
      46
      35
      48
      35
      39
      45
      27
      43
      31
      43
      41
      35
      31
      47
      44
      40
      37
      43
      36
      43
      33
      38
      44
      39
      39
      36
      36
      46
      34
      36
      54
      53
      45
      39
      36
      46
      38
      47
      42
      53
      43
      45
      46
      35
      31
      46
      40
      39
      43
      33
      42
      48
      42
      36
      46
      38
      29
      39
      45
      40
      38
      49
      30
      51
      40
      37
      33
      34
      39
      44
      37
      42
      35
      48
      48
      37
      37
      40
      45
      50
      36
      41
      42
      40
      42
      47
      33
      37
      38
      44
      47
      43
      33
      35
      30
      41
      42
      44
      32
      41
      32
      36
      44
      39
      39
      39
      43
      41
      44
      34
      34
      34
      34
      36
      35
      49
      40
      42
      51
      33
      35
      47
      39
      33
      43
      38
      43
      39
      41
      39
      48
      41
      39
      33
      44
      32
      51
      34
      51
      39
      32
      48
      40
      49
      47
      46
      40
      41
      37
      30
      39
      39
      31
      35
      32
      49
      37
      40
      47
      44
      37
      42
      35
      20
      31
      42
      40
      28
      32
      46
      42
      37
      41
      33
      37
      23
      51
      35
      53
      42
      50
      41
      33
      27
      37
      33
      43
      36
      36
      46
      38
      37
      37
      41
      30
      32
      43
      39
      30
      36
      44
      36
      38
      44
      19
      26
      46
      43
      38
      44
      36
      37
      30
      30
      29
      37
      32
      38
      43
      29
      49
      22
      31
      34
      49
      43
      26
      36
      43
      38
      36
      40
      44
      31
      47
      30
      45
      48
      47
      36
      44
      42
      49
      39
      44
      45
      51
      38
      35
      31
      39
      36
      31
      43
      41
      36
      39
      35
      44
      39
      38
      40
      37
      39
      39
      36
      45
      43
      39
      41
      45
      51
      40
      39
      37
      29
      33
      39
      44
      39
      39
      42
      41
      42
      27
      34
      38
      46
      47
      41
      34
      42
      38
      35
      42
      49
      34
      41
      35
      42
      35
      32
      35
      45
      32
      35
      38
      43
      31
      42
      40
      37
      38
      37
      42
      31
      37
      34
      39
      37
      43
      28
      39
      44
      44
      39
      35
      39
      33
      39
      29
      35
      45
      36
      45
      32
      40
      31
      44
      40
      40
      48
      39
      49
      45
      32
      37
      33
      30
      47
      42
      40
      36
      39
      33
      41
      38
      39
      41
      39
      39
      33
      50
      30
      48
      40
      37
      25
      27
      52
      44
      39
      41
      43
      34
      52
      36
      33
      33
      35
      40
      40
      35
      48
      46
      38
      42
      48
      42
      30
      51
      41
      40
      37
      27
      33
      41
      39
      37
      35
      57
      36
      45
      44
      40
      35
      30
      36
      43
      42
      38
      48
      46
      37
      39
      42
      37
      44
      39
      47
      41
      30
      43
      40
      37
      36
      36
      63
      39
      34
      43
      37
      36
      40
      51
      42
      30
      35
      45
      35
      48
      44
      36
      38
      48
      37
      45
      39
      43
      30
      48
      38
      44
      43
      33
      28
      39
      43
      35
      22
      33
      43
      39
      38
      31
      33
      43
      48
      39
      37
      42
      36
      51
      37
      32
      41
      31
      43
      45
      37
      37
      46
      38
      50
      41
      26
      44
      34
      38
      39
      39
      31
      37
      42
      33
      40
      32
      38
      44
      33
      37
      28
      48
      41
      39
      40
      34
      51
      44
      33
      42
      43
      42
      37
      33
      35
      46
      36
      39
      35
      33
      49
      34
      38
      52
      42
      45
      43
      40
      42
      41
      34
      34
      36
      28
      32
      47
      43
      33
      44
      40
      42
      45
      42
      35
      41
      36
      36
      49
      43
      48
      49
      32
      42
      31
      40
      38
      48
      43
      38
      47
      44
      45
      35
      37
      39
      38
      51
      38
      36
      38
      41
      32
      24
      43
      35
      31
      52
      30
      47
      46
      38
      44
      41
      41
      31
      35
      41
      40
      41
      37
      35
      43
      46
      29
      43
      35
      49
      45
      40
      19
      35
      33
      37
      32
      28
      35
      37
      42
      37
      46
      39
      29
      35
      34
      44
      32
      38
      43
      48
      39
      39
      35
      44
      31
      35
      40
      49
      39
      42
      37
      37
      46
      36
      48
      30
      35
      29
      37
      39
      40
      44
      38
      37
      33
      38
      38
      50
      36
      35
      30
      32
      32
      40
      47
      39
      42
      38
      41
      26
      39
      37
      46
      31
      36
      28
      40
      27
      46
      41
      33
      49
      37
      40
      32
      31
      34
      35
      41
      35
      49
      30
      34
      44
      38
      42
      30
      29
      38
      36
      48
      32
      34
      30
      38
      50
      46
      41
      48
      31
      40
      38
      38
      37
      44
      47
      42
      38
      32
      41
      40
      40
      40
      46
      25
      46
      37
      44
      30
      34
      44
      38
      30
      28
      46
      29
      38
      55
      38
      45
      35
      42
      32
      47
      33
      45
      33
      38
      31
      37
      41
      36
      40
      44
      39
      29
      39
      38
      39
      40
      34
      46
      41
      38
      47
      45
      35
      42
      27
      33
      35
      33
      39
      30
      30
      34
      34
      31
      36
      40
      45
      33
      44
      44
      40
      41
      36
      34
      37
      38
      36
      39
      47
      39
      37
      53
      32
      42
      37
      35
      31
      40
      30
      33
      28
      32
      30
      34
      50
      48
      32
      42
      45
      32
      38
      38
      43
      38
      42
      43
      35
      46
      32
      49
      44
      37
      40
      42
      37
      32
      33
      38
      42
      37
      37
      35
      36
      36
      35
      34
      32
      42
      34
      38
      50
      45
      38
      44
      41
      39
      40
      34
      39
      41
      38
      32
      35
      47
      51
      49
      43
      29
      36
      32
      43
      54
      42
      37
      45
      37
      41
      41
      51
      31
      48
      42
      50
      34
      34
      38
      32
      40
      32
      50
      49
      34
      33
      34
      43
      36
      40
      39
      43
      36
      40
      37
      38
      28
      37
      32
      54
      60
      38
      44
      49
      36
      36
      48
      36
      36
      33
      33
      44
      44
      37
      37
      38
      46
      30
      28
      39
      36
      35
      38
      39
      35
      37
      30
      33
      27
      44
      42
      40
      42
      38
      42
      31
      38
      38
      44
      32
      45
      46
      35
      47
      33
      36
      35
      35
      40
      38
      29
      40
      37
      32
      28
      42
      33
      28
      46
      47
      32
      41
      37
      35
      36
      40
      44
      31
      52
      39
      41
      41
      48
      36
      33
      33
      26
      24
      35
      45
      35
      29
      54
      37
      39
      43
      40
      50
      51
      39
      42
      40
      31
      36
      49
      41
      35
      32
      46
      34
      48
      38
      38
      40
      40
      47
      33
      36
      53
      55
      40
      39
      41
      33
      28
      38
      36
      38
      38
      41
      54
      34
      38
      42
      39
      33
      42
      32
      36
      25
      32
      40
      35
      36
      43
      17
      43
      40
      45
      49
      35
      36
      35
      30
      40
      35
      38
      41
      43
      38
      34
      39
      39
      35
      39
      26
      36
      45
      42
      39
      44
      34
      33
      42
      36
      33
      34
      34
      37
      40
      32
      39
      33
      34
      40
      47
      37
      38
      42
      35
      39
      43
      38
      42
      41
      28
      34
      29
      51
      33
      42
      40
      36
      45
      32
      41
      48
      47
      37
      43
      21
      47
      46
      30
      41
      39
      37
      31
      39
      34
      40
      41
      42
      41
      39
      41
      40
      42
      38
      41
      38
      42
      32
      41
      48
      42
      46
      39
      51
      40
      40
      38
      30
      49
      31
      36
      41
      43
      43
      41
      38
      39
      39
      45
      40
      27
      44
      36
      39
      30
      56
      35
      37
      38
      41
      33
      44
      53
      40
      42
      39
      43
      39
      41
      41
      27
      46
      39
      43
      35
      44
      47
      46
      33
      41
      37
      43
      44
      47
      38
      55
      35
      37
      39
      37
      29
      45
      32
      43
      37
      34
      45
      36
      48
      38
      41
      40
      43
      31
      46
      39
      48
      38
      36
      41
      36
      45
      40
      54
      40
      35
      39
      32
      44
      35
      44
      39
      44
      37
      46
      43
      35
      39
      50
      41
      46
      31
      38
      38
      36
      39
      35
      38
      44
      45
      34
      38
      42
      42
      35
      50
      49
      46
      43
      35
      37
      45
      36
      47
      42
      42
      42
      44
      45
      40
      41
      40
      49
      30
      36
      45
      45
      41
      32
      44
      50
      46
      43
      46
      46
      31
      42
      39
      41
      34
      42
      46
      43
      43
      41
      40
      49
      37
      51
      52
      38
      36
      44
      46
      48
      47
      44
      41
      44
      41
      37
      27
      41
      41
      39
      52
      30
      46
      48
      46
      45
      29
      46
      35
      51
      46
      36
      50
      41
      43
      50
      55
      44
      48
      52
      38
      50
      41
      48
      50
      54
      52
      45
      55
      49
      68
      61
      76
      57
      95
      72
      75
     110
     112
      97
     126
     125
     153
     132
     167
     184
     216
     210
     246
     278
     297
     320
     355
     351
     396
     478
     543
     590
     604
     711
     741
     779
     871
     970
    1022
    1168
    1197
    1354
    1421
    1430
    1589
    1816
    1876
    1886
    2057
    2311
    2359
    2427
    2683
    2810
    2887
    3151
    3180
    3333
    3535
    3693
    3863
    3958
    4180
    4193
    4370
    4453
    4700
    4811
    4840
    5060
    5176
    5205
    5365
    5359
    5588
    5569
    5619
    5649
    5683
    5842
    5694
    5859
    5829
    5803
    5819
    5835
    5938
    5917
    5849
    5928
    5763
    5712
    5795
    5701
    5679
    5673
    5601
    5465
    5403
    5435
    5446
    5393
    5185
    5122
    5122
    4980
    5006
    4912
    4768
    4758
    4607
    4589
    4472
    4387
    4429
    4230
    4188
    4044
    4115
    4028
    4036
    3903
    3857
    3678
    3689
    3642
    3555
    3521
    3366
    3268
    3441
    3229
    3234
    3103
    3146
    3051
    3031
    3004
    2874
    2869
    2853
    2781
    2742
    2705
    2615
    2613
    2496
    2519
    2533
    2545
    2405
    2370
    2313
    2276
    2356
    2226
    2237
    2205
    2177
    2165
    2050
    2103
    2060
    1987
    1939
    1932
    1909
    1807
    1846
    1860
    1865
    1742
    1759
    1734
    1719
    1624
    1674
    1669
    1564
    1542
    1578
    1563
    1477
    1418
    1469
    1435
    1433
    1376
    1377
    1447
    1472
    1374
    1345
    1303
    1232
    1329
    1219
    1275
    1230
    1200
    1246
    1235
    1150
    1222
    1155
    1178
    1176
    1116
    1173
    1179
    1176
    1107
    1024
    1077
    1022
     992
    1001
     963
    1013
    1021
    1026
    1021
     913
     944
     962
     945
     939
     919
     895
     863
     844
     873
     832
     866
     813
     821
     780
     810
     832
     781
     822
     760
     786
     761
     766
     800
     700
     776
     744
     723
     733
     705
     680
     694
     732
     680
     673
     618
     661
     653
     624
     694
     645
     664
     652
     630
     608
     587
     590
     644
     580
     588
     618
     551
     541
     603
     532
     549
     566
     565
     539
     566
     582
     536
     533
     527
     521
     526
     556
     535
     478
     505
     510
     519
     495
     475
     550
     492
     484
     487
     459
     432
     433
     454
     468
     481
     392
     474
     432
     461
     465
     493
     452
     446
     447
     452
     416
     428
     401
     436
     429
     424
     435
     366
     404
     381
     389
     373
     399
     391
     407
     373
     356
     356
     377
     335
     372
     352
     355
     403
     388
     341
     345
     373
     355
     345
     318
     352
     356
     348
     322
     315
     332
     309
     344
     317
     359
     356
     317
     335
     308
     327
     335
     333
     354
     336
     349
     319
     320
     300
     335
     329
     331
     336
     298
     263
     302
     327
     301
     267
     357
     312
     305
     295
     293
     302
     279
     303
     297
     246
     277
     283
     289
     297
     322
     285
     265
     295
     283
     236
     287
     272
     273
     296
     263
     259
     287
     255
     251
     252
     270
     268
     233
     299
     256
     266
     267
     264
     241
     256
     232
     274
     258
     235
     218
     226
     245
     259
     243
     226
     256
     234
     237
     234
     231
     232
     254
     226
     262
     243
     222
     231
     237
     245
     212
     239
     244
     225
     216
     220
     229
     203
     205
     228
     207
     215
     221
     225
     191
     204
     234
     234
     215
     178
     221
     235
     216
     220
     194
     224
     221
     193
     185
     199
     185
     196
     200
     212
     204
     185
     179
     198
     174
     187
     208
     181
     200
     186
     225
     187
     194
     193
     221
     201
     198
     214
     200
     199
     184
     200
     167
     196
     218
     177
     189
     177
     187
     192
     188
     193
     179
     165
     173
     174
     177
     168
     174
     177
     194
     178
     180
     172
     164
     176
     186
     184
     160
     190
     177
     166
     168
     171
     161
     161
     167
     164
     163
     155
     205
     149
     156
     170
     160
     152
     162
     121
     134
     164
     157
     161
     160
     145
     176
     182
     154
     145
     167
     155
     151
     163
     168
     153
     161
     171
     146
     151
     152
     157
     172
     135
     171
     137
     156
     139
     155
     139
     150
     156
     171
     129
     148
     126
     124
     160
     121
     144
     152
     136
     146
     148
     144
     135
     126
     141
     129
     127
     148
     152
     119
     144
     135
     133
     155
     164
     138
     147
     128
     124
     115
     136
     145
     144
     149
     127
     129
     144
     128
     126
     120
     147
     144
     138
     151
     159
     135
     136
     130
     129
     118
     121
     120
     121
     112
     140
     116
     114
     120
     130
     113
     139
     123
     124
     122
     149
     115
     112
     116
     123
     130
     117
     117
     128
     112
     117
     123
     129
     110
     138
     103
     121
     123
     118
     138
     130
     110
     113
     125
     118
     119
     105
     101
     131
     147
      98
     134
     128
     121
     106
      99
     135
      98
     113
     108
     114
     126
     126
     109
     105
     121
     104
     118
     116
     112
     119
     112
      99
     117
     109
     107
     115
     115
     111
      93
     123
     109
     114
      98
     135
     107
     110
     107
     109
      94
      98
     106
     101
      88
     107
     103
     119
     104
     111
      86
      98
     104
     117
      97
     119
     112
      96
     114
     104
     113
     111
     100
     119
     107
      98
     102
     103
     110
      98
     102
     110
      96
     104
     105
      95
     108
     110
      95
      97
     107
     103
      96
      96
     103
     110
      91
     109
      97
      89
     108
      97
      87
      97
      89
      91
     101
     100
      94
      92
      82
      92
      86
      99
      99
      93
      90
      95
      94
      99
      86
      88
      95
      88
      94
      85
      79
      73
      86
      84
     103
      87
      83
      96
      94
      89
      83
      87
      85
      83
      92
      88
      82
      91
      80
      98
      86
      76
     105
      67
      91
      89
      79
      98
      80
      93
      93
      74
     104
     103
      82
      81
      90
      82
      86
      84
      87
      87
      91
      66
      82
      86
      90
      90
      81
      86
      97
      77
      75
      83
      70
      74
      73
      85
      75
      79
      78
      78
      87
      95
      78
      67
      80
     103
      68
      82
      82
      84
      75
      66
      78
      75
      94
      65
      74
      81
      86
      72
      78
      73
      69
      72
      71
      86
      79
      61
      86
      75
      83
      87
      88
      88
      75
      69
      79
      76
      87
      78
      87
      62
      79
      72
      70
      74
      73
      82
      84
      81
      69
      69
      86
      79
      76
      89
      72
      79
      81
      69
      89
      85
      58
      63
      87
      77
      89
      88
      61
      88
      69
      70
      74
      73
      75
      67
      85
      70
      66
      70
      76
      59
      70
      57
      78
      73
      73
      83
      75
      79
      70
      81
      77
      83
      65
      65
      69
      73
      82
      71
      57
      81
      66
      86
      70
      60
      78
      67
      63
      76
      70
      60
      54
      70
      74
      58
      86
      60
      63
      68
      65
      71
      69
      81
      64
      73
      70
      61
      57
      52
      77
      56
      72
      47
      72
      82
      88
      66
      72
      70
      54
      73
      60
      66
      56
      78
      58
      70
      76
      76
      72
      68
      73
      57
      61
      70
      61
      75
      56
      61
      59
      58
      70
      62
      64
      83
      79
      67
      54
      69
      64
      72
      64
      52
      57
      65
      65
      65
      76
      65
      56
      68
      64
      54
      72
      61
      68
      41
      60
      59
      73
      63
      63
      62
      83
      70
      53
      61
      70
      69
      61
      53
      64
      59
      54
      69
      58
      47
      51
      63
      53
      71
      59
      49
      88
      63
      54
      56
      57
      59
      55
      67
      62
      61
      55
      56
      59
      49
      46
      55
      47
      54
      57
      64
      70
      50
      58
      64
      59
      75
      62
      54
      58
      74
      58
      49
      40
      69
      64
      63
      65
      75
      61
      53
      56
      48
      52
      63
      76
      55
      60
      64
      58
      33
      58
      70
      63
      56
      61
      53
      73
      59
      65
      62
      52
      65
      54
      54
      45
      61
      52
      57
      40
      63
      57
      47
      53
      65
      58
      47
      64
      61
      59
      58
      43
      48
      39
      52
      46
      62
      57
      43
      52
      59
      65
      48
      54
      72
      49
      50
      58
      58
      53
      66
      42
      53
      48
      72
      56
      55
      50
      47
      59
      62
      56
      54
      60
      38
      55
      54
      32
      67
      48
      63
      60
      47
      56
      65
      48
      54
      54
      51
      47
      47
      50
      49
      62
      64
      49
      56
      49
      47
      51
      48
      55
      52
      59
      51
      44
      56
      51
      53
      45
      62
      52
      65
      52
      46
      51
      39
      42
      50
      55
      56
      55
      44
      51
      55
      53
      58
      46
      58
      52
      51
      49
      65
      44
      47
      55
      53
      64
      58
      51
      51
      55
      51
      45
      52
      56
      70
      57
      61
      45
      46
      40
      56
      59
      44
      50
      70
      55
      51
      47
      52
      43
      54
      57
      51
      48
      64
      45
      45
      49
      69
      51
      67
      61
      48
      54
      49
      42
      33
      61
      46
      56
      55
      62
      59
      42
      55
      46
      55
      62
      51
      38
      45
      51
      36
      50
      47
      43
      54
      44
      50
      48
      57
      45
      42
      42
      43
      54
      52
      46
      65
      37
      55
      42
      51
      58
      54
      57
      46
      45
      44
      36
      55
      41
      62
      49
      47
      38
      33
      41
      51
      52
      66
      39
      43
      52
      41
      39
      67
      55
      43
      45
      50
      58
      44
      46
      48
      60
      46
      57
      42
      46
      40
      48
      46
      41
      48
      57
      40
      44
      56
      45
      60
      56
      30
      43
      55
      30
      51
      52
      40
      55
      53
      42
      47
      58
      44
      51
      34
      51
      43
      45
      43
      50
      43
      39
      40
      58
      35
      64
      59
      49
      45
      38
      50
      47
      47
      54
      43
      46
      47
      44
      41
      39
      45
      44
      50
      61
      45
      45
      51
      47
      36
      50
      48
      43
      45
      35
      44
      45
      44
      58
      51
      37
      36
      38
      40
      45
      46
      31
      50
      41
      40
      56
      38
      55
      57
      47
      38
      44
      42
      43
      37
      58
      40
      43
      48
      51
      38
      49
      44
      49
      42
      43
      48
      46
      43
      45
      43
      43
      47
      46
      49
      49
      69
      48
      39
      36
      39
      46
      55
      41
      56
      53
      45
      44
      44
      60
      50
      44
      45
      47
      51
      47
      39
      48
      54
      47
      55
      40
      42
      54
      46
      46
      62
      45
      57
      40
      50
      49
      44
      50
      45
      48
      38
      53
      50
      43
      48
      33
      58
      52
      44
      49
      39
      46
      56
      36
      46
      52
      47
      47
      45
      43
      45
      59
      41
      51
      48
      37
      46
      45
      47
      33
      34
      39
      62
      41
      46
      40
      41
      40
      41
      44
      54
      40
      48
      41
      44
      52
      44
      38
      44
      38
      44
      46
      39
      40
      49
      31
      41
      42
      44
      50
      42
      31
      29
      45
      43
      38
      54
      44
      44
      47
      54
      33
      35
      38
      49
      53
      45
      44
      49
      42
      43
      56
      37
      38
      49
      41
      43
      33
      40
      33
      40
      46
      39
      57
      39
      48
      46
      43
      39
      52
      42
      36
      54
      44
      57
      31
      50
      54
      44
      35
      49
      46
      57
      44
      42
      43
      40
      36
      44
      46
      42
      40
      54
      42
      40
      54
      36
      22
      40
      48
      42
      47
      46
      44
      54
      38
      30
      46
      43
      40
      36
      58
      45
      41
      55
      47
      28
      32
      41
      47
      39
      47
      39
      49
      48
      33
      52
      37
      38
      48
      49
      40
      43
      34
      40
      39
      58
      50
      51
      58
      41
      38
      47
      38
      48
      41
      34
      37
      41
      54
      40
      28
      52
      45
      35
      41
      34
      49
      46
      49
      38
      37
      38
      40
      43
      38
      47
      36
      38
      39
      34
      36
      40
      51
      42
      47
      45
      53
      41
      49
      48
      53
      46
      29
      35
      48
      36
      40
      41
      41
      37
      43
      48
      45
      47
      39
      52
      37
      47
      47
      42
      38
      38
      47
      38
      48
      29
      31
      36
      33
      38
      45
      53
      31
      42
      40
      37
      51
      46
      49
      54
      54
      41
      46
      44
      22
      49
      37
      44
      43
      36
      36
      39
      42
      38
      58
      39
      40
      40
      36
      52
      45
      51
      41
      60
      36
      41
      43
      42
      50
      40
      38
      38
      37
      28
      44
      29
      54
      42
      47
      50
      37
      52
      48
      53
      34
      41
      36
      53
      44
      46
      37
      47
      39
      46
      46
      43
      30
      46
      41
      34
      35
      45
      44
      63
      56
      47
      34
      43
      42
      47
      35
      42
      37
      47
      36
      42
      31
      40
      54
      35
      33
      50
      33
      41
      37
      50
      41
      38
      41
      38
      39
      40
      37
      52
      42
      39
      40
      49
      41
      36
      59
      43
      50
      39
      48
      36
      40
      41
      56
      39
      44
      44
      44
      46
      54
      41
      27
      43
      36
      46
      28
      46
      39
      41
      44
      53
      42
      43
      43
      47
      44
      51
      35
      28
      32
      40
      31
      45
      40
      22
      44
      37
      45
      49
      40
      43
      37
      43
      44
      47
      54
      35
      36
      35
      40
      50
      40
      35
      39
      31
      52
      40
      48
      32
      45
      44
      50
      44
      34
      43
      41
      36
      52
      45
      37
      42
      43
      39
      33
      39
      51
      39
      36
      40
      37
      30
      42
      43
      51
      49
      44
      50
      49
      33
      44
      38
      33
      40
      40
      36
      37
      51
      50
      34
      40
      42
      31
      50
      46
      42
      43
      42
      38
      30
      38
      35
      30
      35
      45
      39
      42
      37
      47
      37
      41
      29
      40
      39
      36
      42
      34
      39
      33
      44
      32
      32
      41
      49
      41
      58
      27
      43
      31
      27
      33
      34
      42
      33
      31
      55
      41
      32
      39
      39
      46
      36
      36
      44
      30
      55
      41
      36
      44
      33
      42
      40
      34
      33
      38
      55
      40
      35
      44
      40
      35
      27
      36
      40
      45
      34
      23
      42
      41
      40
      30
      36
      41
      32
      42
      43
      46
      33
      42
      48
      45
      40
      45
      42
      44
      48
      40
      43
      37
      29
      43
      38
      41
      49
      43
      33
      34
      47
      36
      47
      35
      48
      44
      38
      46
      42
      35
      45
      46
      33
      44
      40
      41
      34
      40
      33
      43
      35
      46
      54
      41
      33
      31
      42
      39
      34
      42
      57
      34
      45
      54
      35
      45
      43
      47
      46
      38
      31
      38
      35
      40
      38
      30
      38
      55
      33
      41
      31
      41
      47
      39
      47
      40
      38
      42
      38
      43
      45
      41
      44
      45
      32
      45
      36
      47
      49
      51
      37
      40
      45
      44
      33
      42
      39
      35
      54
      48
      38
      40
      43
      33
      33
      43
      47
      49
      39
      44
      49
      43
      39
      46
      38
      40
      28
      27
      38
      35
      42
      35
      45
      42
      41
      41
      40
      41
      40
      44
      28
      33
      45
      35
      41
      39
      42
      41
      37
      45
      36
      37
      36
      40
      44
      43
      41
      36
      38
      34
      39
      41
      27
      44
      43
      43
      26
      44
      52
      41
      36
      48
      36
      36
      43
      45
      42
      45
      40
      36
      32
      45
      30
      31
      33
      36
      46
      42
      33
      37
      46
      45
      40
      46
      33
      46
      50
      38
      40
      34
      37
      42
      31
      35
      41
      47
      49
      38
      42
      48
      42
      36
      37
      42
      34
      32
      44
      37
      48
      35
      40
      31
      33
      43
      47
      42
      41
      42
      38
      42
      37
      39
      39
      45
      48
      46
      40
      53
      55
      47
      22
      40
      36
      44
      38
      39
      48
      32
      45
      45
      36
      44
      40
      35
      39
      33
      32
      36
      37
      35
      37
      45
      36
      35
      48
      40
      38
      38
      33
      46
      41
      41
      43
      33
      33
      39
      39
      35
      35
      56
      40
      40
      42
      35
      40
      46
      42
      41
      35
      30
      32
      53
      35
      38
      32
      35
      36
      38
      34
      37
      44
      40
      39
      27
      44
      46
      35
      30
      26
      40
      44
      33
      30
      42
      31
      33
      42
      39
      42
      28
      49
      35
      34
      51
      34
      28
      39
      51
      39
      41
      51
      34
      45
      37
      37
      33
      37
      37
      41
      41
      34
      37
      45
      53
      37
      29
      42
      44
      35
      31
      46
      31
      44
      42
      46
      46
      24
      37
      40
      40
      31
      50
      45
      33
      36
      33
      42
      24
      37
      45
      32
      35
      43
      48
      50
      39
      40
      27
      52
      36
      57
      49
      44
      46
      40
      41
      46
      36
      41
      37
      35
      39
      39
      31
      35
      44
      47
      44
      39
      38
      27
      37
      42
      45
      34
      35
      43
      30
      29
      38
      28
      46
      43
      43
      31
      35
      46
      40
      44
      37
      33
      47
      36
      32
      40
      33
      42
      43
      41
      38
      40
      38
      30
      32
      31
      36
      26
      41
      45
      44
      42
      28
      40
      45
      44
      44
      40
      38
      45
      38
      34
      45
      56
      31
      30
      32
      47
      40
      35
      40
      30
      39
      41
      40
      35
      38
      34
      34
      32
      52
      41
      45
      42
      31
      36
      46
      37
      39
      48
      47
      39
      29
      49
      55
      43
      41
      44
      38
      40
      37
      46
      39
      35
      41
      33
      27
      51
      44
      52
      41
      23
      51
      34
      37
      49
      44
      44
      45
      31
      34
      46
      36
      33
      40
      40
      42
      42
      43
      34
      29
      48
      42
      43
      38
      49
      47
      35
      40
      45
      41
      34
      39
      42
      31
      41
      33
      39
      50
      41
      32
      45
      38
      38
      38
      41
      48
      46
      33
      39
      36
      34
      46
      42
      55
      28
      44
      45
      36
      35
      35
      41
      37
      45
      42
      35
      34
      39
      40
      41
      36
      42
      34
      56
      43
      37
      40
      30
      34
      43
      36
      44
      39
      45
      43
      39
      36
      28
      37
      39
      44
      41
      52
      39
      42
      41
      43
      38
      32
      38
      45
      40
      43
      45
      38
      32
      27
      37
      49
      45
      42
      50
      37
      19
      33
      47
      31
      39
      52
      40
      43
      37
      44
      42
      42
      48
      37
      42
      41
      42
      41
      39
      45
      47
      38
      41
      31
      31
      33
      41
      42
      35
      38
      44
      39
      38
      45
      32
      33
      26
      31
      28
      37
      63
      34
      39
      32
      41
      42
      46
      42
      46
      31
      43
      33
      29
      36
      45
      20
      49
      37
      49
      44
      44
      45
      47
      52
      44
      32
      30
      29
      39
      40
      45
      38
      46
      49
      37
      42
      32
      40
      39
      47
      45
      41
      47
      44
      18
      44
      39
      24
      35
      49
      47
      38
      53
      33
      40
      42
      52
      37
      36
      50
      35
      38
      39
      34
      32
      44
      39
      38
      29
      40
      32
      45
      41
      36
      40
      49
      30
      35
      38
      52
      31
      35
      40
      44
      33
      25
      47
      25
      36
      35
      32
      47
      37
      38
      42
      35
      41
      50
      47
      34
      46
      34
      41
      64
      41
      37
      37
      36
      39
      35
      37
      34
      41
      36
      40
      52
      43
      46
      43
      39
      38
      35
      40
      45
      38
      42
      46
      42
      37
      42
      43
      48
      45
      43
      50
      40
      29
      45
      31
      35
      41
      30
      24
      42
      38
      38
      46
      40
      27
      41
      40
      36
      48
      35
      41
      43
      45
      39
      43
      48
      41
      42
      46
      40
      50
      33
      33
      30
      45
      36
      43
      29
      47
      46
      36
      42
      47
      49
      51
      39
      43
      43
      42
      46
      48
      33
      41
      42
      44
      42
      43
      48
      48
      43
      39
      30
      43
      39
      48
      33
      29
      40
      49
      34
      36
      43
      43
      37
      35
      43
      37
      39
      39
      39
      44
      37
      24
      37
      35
      24
      26
      50
      39
      43
      35
      37
      48
      33
      28
      40
      27
      25
      31
      41
      30
      43
      43
      40
      45
      39
      44
      38
      46
      42
      28
      45
      45
      31
      44
      41
      42
      38
      47
      46
      48
      30
      34
      48
      41
      42
      32
      37
      47
      43
      40
      41
      32
      36
      50
      39
      37
      59
      54
      42
      35
      42
      38
      32
      39
      44
      50
      38
      39
      46
      40
      36
      39
      36
      36
      45
      35
      37
      35
      37
      38
      45
      46
      40
      39
      42
      38
      40
      31
      50
      51
      41
      45
      39
      37
      39
      35
      39
      33
      42
      47
      36
      38
      35
      41
      27
      30
      49
      42
      41
      42
      38
      35
      34
      35
      25
      34
      48
      40
      49
      45
      53
      34
      42
      25
      40
      31
      36
      34
      42
      49
      33
      32
      38
      46
      36
      46
      50
      38
      36
      43
      49
      40
      42
      40
      38
      45
      36
      40
      29
      43
      29
      36
      39
      43
      41
      35
      40
      45
      38
      40
      53
      43
      43
      31
      37
      30
      53
      47
      41
      41
      40
      33
      41
      47
      35
      53
      50
      40
      43
      39
      36
      40
      45
      43
      49
      33
      45
      34
      35
      37
      38
      49
      30
      36
      51
      43
      50
      41
      38
      50
      46
      44
      54
      34
      53
      34
      45
      39
      39
      58
      44
      37
      43
      29
      32
      47
      36
      28
      39
      34
      46
      32
      42
      39
      39
      35
      34
      44
      51
      37
      47
      32
      33
      39
      34
      38
      42
      47
      51
      38
      49
      49
      41
      26
      44
      41
      37
      40
      47
      43
      38
      34
      41
      42
      40
      38
      46
      31
      34
      47
      32
      45
      36
      39
      41
      33
      47
      34
      37
      40
      42
      42
      34
      47
      35
      40
      40
      34
      39
      30
      40
      48
      46
      50
      58
      47
      40
      43
      49
      41
      38
      39
      45
      40
      36
      42
      43
      56
      26
      32
      39
      37
      33
      49
      30
      40
      45
      45
      48
      33
      44
      43
      46
      33
      39
      42
      42
      51
      55
      37
      32
      40
      34
      37
      42
      39
      45
      35
      46
      33
      35
      36
      45
      35
      37
      43
      38
      27
      57
      41
      37
      31
      36
      30
      45
      45
      44
      33
      43
      45
      32
      39
      43
      35
      39
      32
      41
      44
      43
      49
      38
      35
      39
      29
      47
      35
      21
      41
      41
      31
      29
      45
      47
      25
      46
      47
      40
      48
      48
      37
      36
      33
      25
      48
      36
      31
      35
      34
      41
      29
      39
      41
      40
      31
      37
      37
      39
      44
      44
      35
      39
      33
      30
      34
      31
      56
      44
      38
      34
      28
      39
      36
      39
      29
      42
      22
      25
      43
      36
      56
      45
      46
      24
      43
      42
      34
      43
      29
      38
      39
      36
      30
      52
      41
      36
      48
      39
      38
      46
      46
      32
      44
      33
      34
      31
      36
      46
      37
      41
      43
      37
      41
      40
      37
      24
      47
      37
      41
      36
      40
      43
      39
      35
      56
      48
      43
      34
      42
      42
      34
      44
      38
      37
      41
      41
      43
      32
      47
      39
      32
      39
      48
      46
      36
      40
      41
      43
      28
      47
      40
      37
      47
      41
      33
      36
      28
      36
      48
      42
      38
      40
      47
      39
      34
      43
      34
      42
      45
      39
      38
      41
      47
      39
      33
      35
      49
      37
      46
      39
      37
      36
      44
      40
      37
      45
      49
      33
      34
      46
      35
      43
      32
      34
      46
      36
      40
      32
      41
      50
      37
      43
      39
      41
      38
      28
      35
      39
      42
      41
      39
      38
      41
      46
      38
      36
      36
      49
      44
      40
      30
      41
      34
      25
      27
      33
      43
      28
      40
      39
      36
      31
      45
      38
      40
      48
      43
      29
      43
      38
      34
      26
      41
      37
      35
      44
      39
      39
      41
      37
      48
      38
      26
      47
      31
      42
      40
      51
      51
      44
      34
      44
      38
      34
      38
      34
      24
      29
      49
      47
      35
      37
      40
      35
      35
      45
      36
      36
      48
      38
      30
      44
      41
      30
      28
      44
      38
      38
      31
      32
      44
      38
      38
      32
      50
      36
      31
      32
      38
      26
      44
      42
      50
      33
      53
      42
      42
      29
      34
      39
      41
      30
      34
      49
      37
      42
      30
      48
      52
      35
      34
      40
      40
      24
      42
      35
      28
      45
      29
      37
      35
      41
      46
      36
      41
      41
      37
      46
      45
      45
      35
      48
      36
      36
      41
      49
      38
      34
      44
      36
      34
      32
      40
      42
      23
      46
      38
      40
      37
      41
      45
      46
      33
      40
      43
      33
      30
      45
      43
      38
      37
      40
      49
      33
      36
      35
      32
      38
      36
      40
      41
      49
      37
      44
      55
      36
      49
      51
      36
      33
      34
      40
      32
      36
      32
      31
      39
      45
      35
      39
      40
      34
      30
      33
      36
      44
      40
      42
      32
      50
      38
      44
      38
      38
      31
      37
      40
      43
      45
      38
      21
      39
      45
      40
      48
      32
      53
      29
      33
      40
      39
      40
      43
      42
      37
      39
      47
      33
      30
      39
      42
      35
      46
      36
      40
      32
      39
      24
      40
      43
      44
      32
      37
      40
      45
      48
      50
      34
      30
      30
      45
      37
      30
      36
      46
      39
      30
      41
      36
      32
      51
      41
      43
      41
      47
      39
      47
      37
      38
      40
      56
      51
      43
      35
      41
      50
      28
      36
      45
      32
      26
      40
      40
      42
      46
      37
      44
      36
      39
      27
      49
      41
      30
      40
      46
      52
      42
      42
      43
      36
      40
      39
      44
      39
      40
      46
      31
      42
      35
      38
      37
      44
      37
      35
      43
      43
      31
      33
      41
      54
      36
      30
      33
      37
      44
      44
      38
      43
      44
      42
      34
      40
      52
      53
      48
      31
      50
      31
      48
      51
      34
      38
      37
      35
      36
      40
      49
      32
      33
      41
      49
      45
      43
      34
      42
      48
      32
      50
      31
      44
      29
      49
      46
      49
      43
      30
      57
      46
      43
      40
      32
      47
      57
      42
      49
      46
      34
      31
      45
      49
      52
      37
      46
      44
      48
      28
      28
      41
      49
      24
      34
      35
      39
      33
      39
      29
      36
      35
      37
      37
      40
      34
      46
      41
      43
      34
      42
      34
      43
      43
      39
      28
      47
      35
      33
      35
      43
      51
      46
      42
      46
      39
      52
      44
      33
      47
      36
      38
      37
      45
      31
      38
      46
      48
      43
      47
      52
      40
      42
      24
      46
      48
      41
      34
      32
      42
      37
      38
      35
      46
      40
      30
      42
      36
      27
      47
      42
      34
      49
      40
      41
      37
      41
      39
      40
      32
      40
      43
      48
      37
      43
      41
      28
      37
      38
      38
      42
      44
      41
      46
      49
      46
      34
      37
      42
      39
      32
      37
      42
      37
      37
      43
      40
      38
      49
      40
      46
      28
      39
      42
      42
      37
      42
      29
      51
      28
      46
      55
      43
      30
      37
      51
      37
      35
      31
      38
      39
      37
      42
      33
      43
      36
      40
      38
      35
      45
      36
      46
      34
      32
      53
      46
      44
      36
      33
      37
      50
      42
      26
      37
      40
      41
      43
      51
      38
      41
      41
      49
      48
      36
      38
      37
      35
      49
      35
      38
      42
      43
      39
      35
      44
      41
      32
      49
      48
      49
      48
      48
      36
      39
      44
      51
      39
      43
      36
      45
      34
      34
      33
      39
      40
      40
      41
      46
      35
      39
      48
      36
      41
      34
      43
      39
      41
      39
      48
      35
      37
      36
      35
      42
      39
      44
      41
      40
      32
      47
      42
      48
      37
      39
      34
      41
      49
      41
      43
      27
      45
      47
      41
      40
      44
      39
      47
      59
      38
      34
      42
      36
      50
      35
      33
      35
      35
      43
      39
      34
      45
      44
      41
      38
      47
      45
      35
      44
      45
      40
      43
      39
      36
      43
      35
      36
      36
      36
      41
      55
      49
      40
      44
      27
      41
      30
      47
      43
      40
      42
      36
      39
      28
      39
      27
      33
      37
      42
      48
      41
      29
      34
      42
      30
      30
      41
      43
      37
      33
      37
      46
      43
      39
      36
      37
      45
      45
      37
      35
      37
      44
      46
      33
      30
      44
      43
      46
      35
      41
      45
      26
      44
      46
      35
      38
      46
      51
      35
      32
      39
      41
      39
      38
      35
      43
      43
      36
      37
      30
      44
      35
      34
      54
      38
      38
      45
      43
      47
      54
      36
      40
      45
      42
      35
      52
      39
      53
      33
      41
      35
      42
      43
      37
      38
      48
      33
      38
      38
      45
      32
      50
      45
      51
      35
      41
      33
      41
      33
      30
      37
      35
      29
      45
      32
      40
      46
      43
      42
      30
      39
      42
      49
      47
      41
      40
      34
      40
      39
      32
      35
      37
      37
      40
      38
      42
      36
      39
      48
      36
      43
      42
      36
      41
      45
      43
      35
      53
      45
      30
      38
      41
      27
      41
      29
      35
      35
      39
      44
      37
      37
      56
      39
      23
      35
      38
      32
      48
      47
      34
      36
      51
      43
      31
      31
      45
      36
      38
      40
      37
      36
      45
      35
      35
      26
      50
      39
      38
      42
      45
      46
      42
      41
      38
      39
      33
      33
      33
      39
      37
      36
      44
      51
      39
      35
      33
      45
      42
      34
      50
      41
      30
      39
      32
      54
      43
      35
      43
      42
      39
      36
      52
      39
      43
      35
      44
      36
      52
      38
      42
      33
      33
      32
      34
      39
      45
      40
      33
      44
      43
      36
      56
      33
      38
      42
      33
      52
      35
      28
      35
      32
      43
      34
      32
      45
      36
      40
      36
      40
      41
      41
      44
      42
      34
      44
      38
      37
      35
      39
      38
      29
      41
      42
      40
      45
      39
      29
      34
      41
      42
      26
      30
      41
      31
      48
      41
      41
      30
      42
      52
      40
      43
      36
      38
      37
      42
      43
      30
      40
      39
      31
      40
      36
      30
      40
      35
      45
      33
      29
      34
      45
      47
      36
      32
      41
      42
      49
      32
      39
      32
      42
      55
      43
      32
      44
      41
      33
      26
      39
      45
      37
      37
      42
      37
      45
      36
      37
      46
      31
      37
      53
      44
      56
      39
      38
      50
      46
      47
      38
      39
      42
      38
      47
      34
      45
      39
      39
      38
      43
      36
      42
      47
      41
      34
      50
      39
      37
      36
      46
      41
      39
      49
      34
      46
      45
      53
      38
      36
      35
      46
      42
      38
      27
      51
      39
      35
      38
      39
      32
      40
      33
      40
      26
      29
      44
      41
      40
      49
      40
      35
      46
      37
      36
      29
      34
      36
      40
      48
      46
      41
      39
      36
      43
      46
      31
      32
      48
      34
      39
      44
      44
      43
      48
      43
      34
      39
      43
      43
      36
      46
      40
      31
      43
      38
      34
      44
      47
      53
      44
      30
      46
      38
      39
      39
      47
      42
      39
      44
      52
      35
      40
      44
      49
      35
      33
      43
      55
      30
      37
      35
      51
      49
      38
      34
      41
      36
      37
      32
      39
      37
      42
      39
      51
      47
      37
      46
      50
      48
      36
      39
      43
      32
      56
      39
      38
      32
      50
      50
      46
      34
      33
      38
      42
      36
      49
      27
      28
      45
      29
      32
      31
      50
      42
      35
      49
      30
      35
      40
      35
      38
      39
      50
      64
      55
      46
      42
      35
      31
      40
      37
      40
      38
      34
      40
      41
      47
      39
      33
      37
      34
      41
      40
      32
      32
      41
      44
      39
      34
      44
      44
      37
      36
      35
      45
      32
      32
      40
      45
      45
      33
      37
      49
      36
      48
      36
      38
      45
      33
      40
      39
      41
      52
      48
      37
      37
      33
      36
      49
      33
      40
      31
      30
      38
      40
      40
      49
      38
      34
      34
      41
      47
      39
      50
      45
      26
      36
      45
      32
      46
      42
      51
      40
      41
      31
      34
      33
      33
      49
      40
      44
      51
      35
      31
      40
      48
      38
      31
      33
      42
      45
      33
      61
      49
      40
      47
      43
      37
      33
      38
      44
      43
      36
      54
      48
      39
      50
      33
      33
      43
      35
      47
      41
      41
      38
      45
      43
      43
      35
      40
      48
      37
      41
      30
      49
      32
      31
      40
      42
      46
      38
      37
      34
      47
      43
      49
      49
      35
      37
      45
      44
      43
      48
      36
      51
      34
      54
      41
      29
      48
      36
      39
      42
      44
      49
      40
      38
      33
      43
      41
      34
      38
      42
      39
      37
      42
      49
      49
      43
      44
      39
      45
      43
      38
      33
      50
      45
      33
      37
      50
      29
      44
      47
      41
      43
      49
      28
      47
      43
      48
      39
      52
      37
      43
      41
      42
      34
      47
      39
      37
      33
      40
      43
      53
      39
      34
      46
      41
      40
      39
      42
      33
      44
      43
      32
      41
      46
      42
      40
      26
      40
      41
      34
      37
      33
      40
      52
      40
      31
      41
      40
      40
      38
      34
      50
      28
      40
      43
      34
      42
      36
      29
      43
      41
      44
      43
      40
      50
      34
      43
      45
      27
      41
      30
      49
      34
      41
      35
      41
      46
      44
      38
      38
      37
      38
      38
      36
      34
      34
      48
      46
      48
      50
      35
      42
      42
      31
      37
      38
      36
      36
      40
      39
      42
      33
      44
      47
      42
      37
      35
      48
      41
      38
      52
      49
      35
      34
      38
      35
      49
      43
      27
      49
      42
      46
      43
      43
      35
      46
      46
      37
      39
      40
      39
      36
      34
      40
      45
      41
      30
      49
      38
      46
      38
      43
      40
      40
      33
      39
      37
      40
      37
      32
      51
      39
      34
      41
      54
      37
      45
      49
      36
      25
      34
      45
      38
      30
      28
      35
      31
      43
      52
      43
      46
      44
      39
      47
      42
      37
      41
      31
      44
      46
      49
      41
      38
      36
      51
      43
      36
      41
      43
      38
      31
      35
      40
      41
      46
      41
      30
      29
      39
      35
      36
      34
      31
      48
      43
      45
      32
      32
      38
      35
      37
      36
      38
      38
      35
      32
      42
      47
      42
      50
      27
      42
      41
      50
      45
      28
      38
      43
      30
      35
      45
      30
      31
      34
      45
      33
      39
      38
      35
      42
      41
      37
      37
      44
      36
      28
      37
      36
      35
      36
      51
      44
      50
      42
      31
      47
      38
      48
      35
      44
      47
      36
      41
      36
      39
      43
      40
      37
      33
      37
      46
      44
      37
      34
      30
      42
      46
      47
      39
      28
      41
      36
      39
      36
      42
      34
      37
      41
      41
      34
      41
      33
      28
      44
      48
      45
      54
      29
      32
      39
      37
      46
      32
      31
      47
      39
      34
      53
      52
      32
      31
      37
      40
      41
      36
      47
      42
      44
      31
      34
      47
      43
      37
      28
      44
      49
      36
      34
      34
      46
      37
      41
      32
      30
      35
      41
      34
      31
      35
      44
      41
      46
      58
      35
      34
      42
      36
      39
      37
      35
      47
      40
      39
      46
      39
      32
      33
      56
      49
      38
      48
      40
      31
      35
      39
      45
      34
      32
      40
      32
      42
      28
      43
      40
      40
      44
      44
      37
      37
      49
      36
      38
      37
      41
      37
      33
      48
      35
      40
      37
      40
      26
      41
      44
      29
      36
      39
      31
      37
      36
      31
      25
      30
      41
      41
      38
      42
      39
      28
      50
      47
      39
      27
      37
      50
      41
      35
      46
      35
      34
      46
      40
      40
      38
      43
      33
      30
      24
       6
       0
       0
       0
       0
       0
       0
       0
       0
       0
       0
       0
       0
       0
       0
       0
       0
       0
       0
       0
       0
       0
       0
       0
       0
       0
       0
       0
       0
       0
       0
       0
       0
       0
       0
       0
       0
       0
       0
       0
       0
       0
       0
       0
       0
       0
       0
       0
       0
       0
       0
       0
       0
       0
       0
       0
       0
       0
       0
       0
       0
       0
       0
       0
       0
       0
       0
       0
       0
       0
       0
       0
       0
       0
       0
       0
       0
       0
       0
       0
       0
       0
       0
       0
       0
       0
       0
       0
       0
       0
       0
       0
       0
       0
       0
       0
       0
       0
       0
       0
       0
       0
       0
       0
       0
       0
       0
       0
       0
       0
       0
       0
       0
       0
       0
       0
       0
       0
       0
       0
       0
       0
       0
       0
       0
       0
       0
       0
       0
       0
       0
       0
       0
       0
       0
       0
       0
       0
       0
       0
       0
       0
       0
       0
       0
       0
       0
       0
       0
       0
       0
       0
       0
       0
       0
       0
       0
       0
       0
       0
       0
       0
       0
       0
       0
       0
       0
       0
       0
       0
       0
       0
       0
       0
       0
       0
       0
       0
       0
       0
       0
       0
       0
       0
       0
       0
       0
       0
       0
       0
       0
       0
       0
       0
       0
       0
       0
       0
       0
       0
       0
$ROI:
1
2587 4325
$PRESETS:
Live Time
3600
0
$ENER_FIT:
0.000000 1.000000
$MCA_CAL:
3
0.000000E+000 1.000000E+000 0.000000E+000 keV
$SHAPE_CAL:
3
0.000000E+000 0.000000E+000 0.000000E+000
