$SPEC_ID:
No sample description was entered.
$SPEC_REM:
DET# 1
DETDESC# S047331 MCB 337
AP# Maestro Version 7.01
$DATE_MEA:
11/08/2018 16:17:55
$MEAS_TIM:
341935 342147
$DATA:
0 8191
       0
       0
       0
       0
       0
       0
       0
       0
       0
       0
       0
       0
       0
       0
       0
       0
       0
       0
       0
       0
       0
       0
       0
       0
       0
       0
       0
       0
       0
       0
       0
       0
       0
       0
       0
       0
       0
       0
       0
       0
       0
       0
       0
       0
       0
       0
       0
       0
       0
       0
       0
       0
       0
       0
       0
       0
       0
       0
       0
       0
       0
       0
       0
       0
       0
       0
       0
       0
       0
       0
       0
       0
       0
       0
       0
       0
       0
       0
       0
       0
       0
       0
       0
       0
       0
       0
       0
       0
       0
       0
       0
       0
       0
       0
       0
       0
       0
       0
       0
       0
       0
       0
       0
       0
       0
       0
       0
       1
       0
       0
       0
       0
       0
       0
       0
       0
       0
       0
       0
       0
       0
       0
       0
       0
       0
       0
       0
       0
       0
       0
       0
       0
       0
       0
       0
       0
       0
       0
       0
       1
       0
       0
       0
       0
       0
       0
       0
       0
       0
       0
       0
       0
       0
       0
       0
       0
       0
       0
       0
       0
       0
       0
       0
       0
       0
       0
       0
       0
       0
       0
       0
       0
       0
       0
       0
       0
       0
       0
       0
       0
       0
       0
       0
       0
       0
       0
       0
       0
       0
       0
       0
       0
       0
       0
       0
       0
       0
       0
       0
       0
       0
       0
       0
       0
       0
       0
       0
       1
       0
       0
       0
       0
       0
       0
       0
       0
       0
       0
       0
       0
       0
       0
       0
       0
       0
       0
       0
       0
       0
       0
       0
       0
       0
       0
       0
       0
       0
       0
       0
       0
       0
       0
       0
       0
       0
       0
       0
       0
       0
       0
       0
       0
       0
       0
       0
       0
       0
       0
       0
       0
       0
       0
       0
       0
       0
       0
       0
       0
       0
       0
       0
       0
       0
       0
       0
       0
       0
       0
       0
       0
       0
       0
       0
       0
       0
       0
       0
       0
       0
       0
       0
       0
       0
       0
       0
       0
       0
       0
       0
       0
       0
       0
       0
       0
       0
       0
       0
       0
       0
       0
       0
       0
       0
       0
       0
       0
       0
       0
       0
       0
       0
       0
       0
       0
       0
       0
       0
       0
       0
       0
       0
       0
       0
       0
       0
       0
       0
       0
       0
       0
       0
       0
       0
       0
       0
       0
       0
       0
       0
       0
       0
       0
       0
       0
       0
       0
       0
       0
       0
       0
       0
       0
       0
       0
       0
       0
       0
       0
       0
       0
       0
       0
       0
       0
       0
       0
       0
       0
       0
       0
       0
       0
       0
       0
       0
       0
       0
       0
       0
       0
       0
       0
       0
       0
       0
       0
       0
       0
       0
       0
       0
       0
       0
       0
       0
       0
       0
       0
       0
       0
       0
       0
       0
       0
       0
       0
       0
       0
       0
       0
       0
       0
       0
       0
       0
       0
       0
       0
       0
       0
       0
       0
       0
       0
       0
       0
       0
       0
       0
       0
       0
       0
       0
       0
       0
       0
       0
       0
       0
       0
       0
       0
       0
       0
       0
       0
       0
       0
       0
       0
       0
       0
       0
       0
       0
       0
       0
       0
       0
       0
       0
       0
       0
       0
       0
       0
       0
       0
       0
       0
       0
       0
       0
       0
       0
       0
       0
       0
       0
       0
       0
       0
       0
       0
       0
       0
       0
       0
       0
       0
       0
       0
       0
       0
       0
       0
       0
       0
       0
       0
       0
       0
       0
       0
       1
       0
       0
       0
       0
       0
       0
       0
       0
       1
       1
       1
       0
       0
       0
       0
       0
       1
       1
       1
       0
       1
       1
       2
       1
       0
       0
       2
       2
       1
       4
       1
       1
       2
       1
       1
       0
       1
       0
       0
       1
       2
       1
       5
       2
       1
       4
       1
       1
       1
       4
       2
       4
       7
       4
       6
       6
       6
       7
       9
       9
      13
      16
      29
      17
      29
      29
      26
      46
      48
      61
      83
     121
     141
     152
     184
     189
     247
     257
     246
     263
     268
     307
     304
     294
     301
     283
     289
     322
     300
     302
     330
     311
     293
     321
     319
     373
     282
     295
     331
     303
     321
     278
     290
     326
     324
     328
     318
     323
     293
     304
     337
     286
     312
     309
     316
     344
     303
     312
     322
     287
     294
     305
     273
     342
     345
     312
     325
     293
     314
     321
     313
     336
     302
     327
     283
     304
     302
     341
     305
     288
     336
     327
     293
     316
     329
     309
     325
     308
     306
     287
     325
     306
     311
     313
     309
     328
     346
     311
     297
     303
     333
     318
     308
     339
     319
     299
     345
     335
     310
     285
     285
     337
     311
     316
     283
     303
     324
     307
     323
     319
     310
     330
     276
     313
     312
     306
     322
     304
     332
     313
     347
     331
     331
     337
     342
     295
     294
     310
     301
     340
     337
     307
     287
     284
     324
     340
     311
     301
     311
     344
     315
     322
     321
     302
     310
     312
     290
     340
     344
     321
     311
     313
     303
     286
     298
     313
     343
     313
     326
     324
     321
     331
     335
     316
     300
     324
     287
     326
     298
     282
     348
     305
     314
     302
     333
     316
     293
     303
     311
     315
     335
     333
     311
     321
     338
     318
     322
     318
     305
     303
     281
     307
     328
     330
     305
     308
     303
     339
     324
     330
     297
     304
     347
     307
     288
     328
     338
     309
     326
     328
     276
     333
     309
     323
     309
     328
     331
     319
     323
     329
     321
     330
     332
     297
     293
     306
     305
     297
     311
     312
     339
     335
     319
     328
     328
     314
     327
     357
     319
     327
     299
     289
     329
     317
     319
     308
     302
     347
     334
     302
     330
     318
     294
     331
     346
     319
     338
     284
     293
     334
     284
     330
     300
     298
     300
     314
     334
     304
     333
     288
     363
     297
     307
     331
     328
     288
     348
     315
     319
     346
     278
     360
     319
     286
     324
     309
     330
     282
     297
     307
     346
     346
     315
     309
     326
     296
     289
     312
     335
     315
     317
     288
     321
     355
     332
     311
     320
     295
     338
     326
     323
     292
     300
     312
     284
     319
     312
     338
     273
     330
     324
     332
     311
     292
     326
     311
     311
     289
     297
     320
     309
     313
     293
     300
     284
     323
     296
     300
     331
     321
     297
     303
     347
     270
     311
     321
     315
     299
     316
     299
     310
     329
     300
     288
     297
     335
     313
     314
     315
     335
     307
     312
     318
     326
     316
     324
     302
     335
     311
     319
     292
     322
     311
     325
     290
     333
     274
     332
     278
     316
     276
     300
     340
     314
     302
     319
     311
     308
     319
     313
     313
     295
     343
     320
     308
     299
     331
     296
     320
     305
     330
     317
     309
     310
     301
     311
     348
     358
     319
     320
     306
     304
     306
     347
     321
     310
     297
     313
     284
     336
     321
     324
     303
     313
     320
     312
     304
     305
     320
     326
     332
     315
     334
     309
     304
     301
     304
     311
     306
     308
     290
     302
     323
     329
     368
     323
     338
     296
     345
     353
     307
     309
     291
     305
     329
     290
     351
     321
     344
     305
     300
     337
     366
     314
     312
     348
     331
     315
     336
     320
     331
     301
     291
     300
     320
     311
     338
     302
     341
     323
     335
     341
     338
     308
     316
     324
     307
     322
     319
     297
     313
     318
     338
     324
     325
     338
     343
     316
     315
     300
     300
     336
     317
     305
     283
     316
     331
     308
     311
     288
     315
     303
     285
     330
     333
     309
     320
     323
     308
     315
     325
     323
     312
     331
     290
     313
     283
     336
     311
     316
     302
     340
     298
     342
     350
     323
     328
     321
     318
     319
     319
     321
     322
     314
     317
     324
     311
     315
     323
     326
     335
     305
     277
     313
     275
     317
     305
     311
     318
     317
     335
     304
     312
     383
     293
     341
     315
     325
     304
     329
     289
     334
     296
     310
     349
     322
     346
     296
     323
     288
     320
     270
     319
     303
     322
     365
     310
     304
     323
     306
     324
     328
     292
     302
     315
     323
     349
     292
     307
     309
     305
     320
     330
     322
     305
     298
     341
     311
     274
     305
     316
     321
     319
     299
     333
     339
     310
     295
     324
     311
     319
     347
     317
     291
     304
     324
     315
     323
     318
     330
     308
     343
     324
     289
     291
     348
     310
     341
     316
     337
     321
     322
     331
     305
     304
     308
     317
     303
     337
     318
     315
     325
     290
     338
     327
     370
     306
     316
     311
     303
     357
     318
     364
     324
     329
     318
     333
     330
     339
     316
     298
     287
     300
     287
     298
     286
     338
     324
     310
     313
     306
     305
     324
     324
     321
     332
     344
     295
     317
     330
     341
     332
     331
     354
     310
     352
     323
     316
     336
     287
     332
     290
     332
     314
     310
     332
     322
     297
     336
     292
     330
     363
     303
     316
     309
     321
     337
     314
     318
     305
     293
     304
     312
     298
     321
     309
     317
     314
     313
     347
     285
     300
     306
     296
     324
     329
     345
     305
     273
     323
     301
     305
     307
     357
     318
     313
     338
     298
     307
     330
     306
     319
     307
     292
     322
     305
     335
     331
     313
     309
     294
     315
     334
     306
     311
     313
     266
     310
     340
     297
     353
     338
     352
     315
     341
     324
     286
     312
     283
     329
     325
     306
     298
     325
     336
     323
     308
     286
     337
     319
     328
     351
     303
     325
     308
     308
     339
     333
     309
     314
     292
     294
     317
     304
     334
     321
     311
     314
     337
     316
     302
     286
     300
     297
     303
     335
     301
     286
     334
     309
     320
     319
     337
     325
     343
     323
     288
     278
     315
     307
     298
     314
     333
     285
     356
     335
     339
     305
     310
     328
     321
     330
     335
     316
     301
     320
     316
     297
     330
     328
     300
     313
     320
     284
     317
     321
     285
     297
     314
     320
     345
     320
     289
     307
     329
     294
     317
     290
     326
     281
     324
     316
     329
     292
     267
     299
     340
     365
     315
     332
     328
     346
     313
     340
     299
     324
     323
     329
     299
     305
     336
     320
     306
     312
     314
     305
     322
     364
     296
     340
     299
     288
     314
     320
     309
     323
     305
     314
     292
     299
     299
     294
     309
     312
     285
     325
     318
     318
     297
     316
     307
     287
     288
     323
     300
     307
     326
     326
     305
     328
     292
     304
     327
     324
     316
     363
     368
     326
     347
     292
     308
     303
     335
     286
     361
     299
     308
     303
     299
     294
     292
     327
     347
     346
     314
     292
     326
     336
     351
     308
     331
     344
     285
     310
     319
     323
     334
     350
     340
     338
     306
     334
     335
     330
     323
     342
     337
     346
     305
     321
     326
     310
     362
     350
     343
     319
     341
     313
     355
     358
     341
     294
     309
     359
     330
     322
     320
     340
     330
     329
     344
     343
     310
     330
     329
     339
     328
     336
     348
     317
     361
     315
     357
     345
     340
     347
     324
     308
     359
     328
     349
     316
     306
     352
     348
     355
     357
     317
     352
     356
     329
     327
     336
     357
     319
     312
     364
     360
     367
     323
     358
     350
     373
     361
     384
     349
     362
     384
     386
     359
     349
     354
     376
     349
     371
     354
     358
     347
     377
     360
     380
     332
     343
     355
     408
     389
     369
     351
     343
     329
     385
     381
     368
     366
     385
     330
     396
     359
     378
     371
     372
     360
     357
     372
     371
     381
     378
     375
     336
     396
     373
     386
     368
     362
     393
     371
     350
     400
     395
     370
     382
     360
     376
     389
     371
     351
     375
     377
     361
     400
     376
     364
     383
     380
     377
     370
     366
     335
     355
     376
     371
     355
     363
     363
     347
     380
     363
     387
     331
     379
     382
     326
     366
     352
     333
     362
     340
     365
     361
     346
     365
     344
     348
     331
     340
     354
     343
     337
     354
     311
     333
     345
     326
     332
     340
     383
     329
     307
     330
     323
     356
     325
     348
     371
     349
     342
     348
     352
     344
     348
     340
     340
     319
     330
     331
     343
     348
     338
     335
     356
     398
     330
     378
     327
     323
     296
     315
     352
     325
     322
     332
     306
     339
     334
     351
     332
     318
     362
     315
     329
     352
     314
     349
     349
     369
     338
     324
     341
     317
     304
     358
     318
     307
     344
     360
     316
     327
     332
     334
     305
     299
     332
     332
     345
     344
     318
     316
     327
     313
     350
     337
     354
     321
     342
     352
     315
     335
     290
     338
     323
     335
     347
     308
     303
     321
     341
     314
     341
     331
     358
     363
     302
     331
     355
     303
     357
     316
     344
     377
     327
     318
     332
     348
     365
     352
     344
     342
     345
     360
     326
     373
     312
     382
     338
     359
     331
     323
     363
     322
     324
     276
     370
     374
     368
     340
     330
     365
     360
     321
     341
     346
     346
     400
     361
     342
     347
     337
     373
     375
     346
     338
     376
     338
     374
     363
     364
     361
     362
     339
     369
     345
     378
     346
     371
     352
     346
     351
     356
     354
     363
     416
     408
     355
     358
     374
     394
     361
     361
     384
     385
     385
     385
     404
     378
     353
     398
     361
     392
     402
     411
     435
     375
     419
     370
     390
     421
     402
     385
     429
     387
     433
     444
     410
     446
     449
     426
     439
     431
     501
     442
     510
     424
     480
     513
     524
     524
     538
     529
     640
     658
     691
     652
     729
     752
     845
     903
     903
     930
    1103
    1117
    1183
    1223
    1317
    1523
    1601
    1752
    1934
    2044
    2194
    2450
    2612
    2906
    3219
    3478
    3732
    4183
    4554
    4892
    5419
    5937
    6472
    7062
    7693
    8233
    8993
    9947
   10969
   11692
   12541
   13528
   14595
   15992
   17496
   18594
   19978
   21569
   23451
   24907
   26559
   28485
   30312
   32558
   34933
   37013
   39447
   42079
   44713
   47320
   49970
   53433
   55889
   58670
   62173
   65742
   68531
   72168
   75474
   78677
   82262
   85864
   89915
   93312
   97574
  101359
  104139
  108384
  112045
  116073
  119478
  123027
  126347
  130916
  134279
  137541
  141224
  143961
  147977
  151192
  153292
  156920
  159755
  162746
  164504
  166571
  169152
  171063
  173006
  174280
  176360
  177252
  178365
  179448
  180130
  180257
  181192
  181385
  181651
  181081
  181171
  180412
  180021
  179131
  178051
  177374
  176995
  174706
  173639
  171821
  170166
  167721
  166956
  164456
  162810
  161130
  158830
  155968
  153644
  151334
  149076
  146185
  144346
  141361
  138881
  136332
  134240
  131219
  128498
  125743
  123392
  121020
  117851
  115163
  112967
  110193
  107428
  105450
  103200
  100684
   98263
   95332
   93891
   91453
   88407
   86737
   84673
   82838
   80214
   77864
   76233
   74367
   72680
   70668
   68960
   66542
   65027
   64067
   62023
   60504
   59100
   57361
   56022
   54233
   52841
   51769
   49924
   49018
   47866
   46449
   45253
   44156
   43061
   42176
   40655
   39671
   38977
   37829
   36662
   36014
   35035
   33944
   33696
   32461
   31488
   30624
   30330
   29534
   28531
   27922
   27208
   27036
   25995
   25297
   24738
   24143
   23401
   22975
   22634
   21942
   21486
   20842
   20286
   20116
   19514
   18985
   18627
   18146
   18243
   17279
   16969
   16694
   16204
   15827
   15536
   14962
   14822
   14346
   14359
   14027
   13620
   13412
   12731
   12808
   12250
   12072
   11981
   11576
   11269
   11010
   10842
   10708
   10491
   10004
   10044
    9687
    9475
    9314
    9298
    8814
    8681
    8610
    8479
    8382
    8033
    7866
    7730
    7701
    7363
    7206
    7392
    6937
    6940
    6798
    6672
    6550
    6348
    6096
    6188
    5988
    6025
    5694
    5637
    5581
    5417
    5344
    5243
    5204
    5054
    5104
    4877
    4718
    4818
    4515
    4518
    4375
    4364
    4274
    4240
    4189
    4051
    4001
    4047
    3852
    3692
    3755
    3747
    3494
    3519
    3310
    3342
    3302
    3168
    3256
    3177
    3022
    3081
    3000
    2968
    2824
    2885
    2801
    2839
    2764
    2604
    2609
    2480
    2508
    2488
    2427
    2411
    2301
    2367
    2300
    2234
    2246
    2195
    2142
    2202
    2191
    2079
    2010
    1974
    2003
    1892
    1830
    1970
    1864
    1881
    1827
    1822
    1719
    1723
    1713
    1625
    1643
    1621
    1607
    1585
    1558
    1469
    1514
    1444
    1415
    1455
    1414
    1398
    1424
    1363
    1286
    1310
    1259
    1291
    1304
    1276
    1319
    1230
    1207
    1186
    1152
    1120
    1152
    1215
    1060
    1102
    1095
    1103
    1048
    1084
    1046
    1042
    1018
    1018
     975
     957
     992
     991
     960
     981
     939
     962
     876
     879
     926
     882
     962
     874
     854
     849
     868
     812
     796
     803
     806
     809
     802
     750
     767
     789
     735
     720
     721
     712
     759
     731
     710
     723
     759
     736
     689
     697
     662
     712
     641
     644
     726
     676
     638
     661
     630
     633
     644
     640
     623
     623
     669
     598
     610
     594
     636
     612
     615
     620
     600
     554
     616
     591
     572
     623
     578
     578
     563
     564
     551
     563
     577
     576
     542
     537
     533
     546
     509
     515
     491
     551
     551
     512
     507
     517
     484
     523
     515
     500
     507
     524
     483
     487
     511
     522
     452
     473
     479
     459
     469
     460
     445
     474
     479
     451
     468
     441
     477
     462
     446
     421
     458
     422
     452
     426
     439
     425
     426
     461
     462
     417
     429
     433
     432
     454
     415
     431
     423
     414
     424
     410
     423
     419
     433
     423
     398
     396
     416
     404
     402
     407
     397
     405
     467
     388
     393
     408
     399
     404
     387
     396
     380
     400
     402
     395
     389
     397
     384
     358
     388
     376
     391
     399
     381
     382
     386
     385
     409
     382
     394
     386
     401
     398
     369
     394
     382
     366
     350
     412
     393
     387
     398
     353
     399
     391
     364
     387
     384
     368
     408
     343
     352
     352
     352
     352
     364
     358
     359
     369
     372
     385
     375
     388
     404
     383
     356
     364
     359
     366
     376
     346
     369
     369
     379
     392
     381
     350
     371
     334
     368
     372
     344
     363
     350
     347
     328
     358
     349
     387
     378
     322
     360
     358
     341
     342
     364
     357
     346
     411
     351
     335
     336
     354
     359
     317
     354
     391
     346
     326
     329
     368
     341
     346
     345
     366
     352
     330
     334
     346
     379
     347
     361
     341
     333
     346
     336
     367
     316
     350
     374
     354
     336
     336
     361
     346
     325
     365
     370
     344
     365
     332
     381
     334
     358
     325
     331
     298
     347
     352
     327
     357
     337
     358
     319
     358
     351
     345
     346
     331
     348
     324
     341
     342
     333
     354
     351
     298
     373
     355
     324
     342
     305
     329
     356
     336
     311
     362
     363
     347
     339
     352
     360
     344
     330
     317
     354
     335
     370
     345
     335
     355
     351
     310
     369
     325
     361
     315
     318
     334
     339
     325
     342
     337
     350
     362
     295
     295
     335
     354
     341
     327
     371
     338
     358
     315
     332
     355
     310
     296
     307
     334
     334
     332
     313
     349
     382
     343
     350
     296
     349
     338
     381
     305
     301
     333
     325
     331
     352
     332
     334
     328
     292
     312
     288
     349
     336
     328
     319
     326
     327
     344
     334
     330
     332
     377
     360
     369
     320
     316
     318
     309
     338
     313
     317
     320
     368
     371
     319
     357
     335
     341
     319
     323
     353
     327
     343
     366
     309
     352
     337
     328
     342
     361
     357
     308
     344
     330
     342
     333
     342
     359
     305
     347
     294
     343
     312
     331
     317
     302
     325
     337
     331
     331
     338
     328
     345
     320
     339
     356
     307
     320
     322
     356
     336
     324
     323
     321
     318
     316
     348
     326
     317
     354
     362
     320
     308
     334
     344
     309
     340
     306
     337
     347
     342
     333
     320
     356
     336
     296
     308
     343
     319
     326
     339
     303
     353
     355
     282
     366
     344
     340
     310
     311
     342
     337
     305
     355
     323
     334
     318
     328
     324
     328
     344
     315
     344
     318
     343
     310
     339
     338
     318
     315
     322
     344
     344
     310
     315
     297
     323
     326
     281
     348
     314
     302
     320
     315
     329
     298
     318
     327
     331
     313
     331
     350
     332
     326
     325
     290
     327
     330
     337
     314
     305
     315
     329
     362
     312
     343
     326
     337
     314
     290
     329
     354
     340
     279
     329
     352
     329
     364
     295
     332
     363
     319
     300
     320
     338
     327
     311
     316
     319
     343
     347
     333
     337
     316
     296
     325
     322
     365
     328
     315
     316
     302
     301
     351
     314
     313
     358
     327
     316
     302
     306
     313
     341
     339
     325
     340
     324
     329
     335
     308
     319
     316
     331
     334
     316
     337
     311
     301
     305
     312
     350
     310
     360
     317
     337
     333
     345
     314
     329
     297
     338
     318
     348
     321
     332
     313
     341
     341
     352
     322
     327
     328
     339
     345
     310
     321
     343
     324
     345
     327
     317
     321
     320
     328
     344
     313
     317
     334
     352
     316
     323
     314
     337
     340
     337
     317
     341
     342
     334
     308
     318
     311
     332
     323
     329
     336
     333
     353
     335
     331
     341
     324
     310
     335
     307
     304
     341
     289
     329
     309
     327
     347
     330
     283
     312
     303
     340
     348
     369
     323
     315
     343
     300
     329
     306
     318
     299
     327
     306
     293
     319
     318
     318
     330
     306
     299
     327
     332
     366
     363
     294
     337
     335
     311
     304
     339
     329
     353
     282
     286
     329
     327
     326
     322
     333
     352
     325
     295
     312
     332
     315
     307
     323
     320
     305
     306
     320
     290
     315
     319
     302
     338
     306
     316
     324
     332
     357
     313
     313
     325
     328
     341
     331
     344
     337
     320
     331
     309
     341
     322
     308
     338
     323
     316
     358
     299
     340
     307
     327
     309
     296
     320
     347
     317
     323
     285
     311
     344
     346
     320
     313
     306
     330
     328
     337
     358
     345
     298
     319
     352
     338
     339
     294
     327
     326
     343
     312
     310
     328
     326
     340
     320
     309
     295
     328
     344
     362
     354
     308
     322
     359
     285
     341
     332
     332
     353
     309
     316
     327
     320
     294
     326
     340
     299
     349
     336
     300
     313
     322
     351
     324
     313
     328
     326
     306
     330
     277
     314
     298
     315
     342
     322
     320
     316
     349
     343
     304
     321
     338
     330
     276
     328
     328
     339
     328
     331
     327
     311
     297
     318
     316
     321
     324
     363
     305
     328
     322
     303
     331
     330
     314
     309
     340
     306
     320
     299
     345
     318
     317
     311
     332
     339
     304
     344
     343
     303
     305
     296
     331
     293
     334
     312
     303
     297
     331
     304
     306
     359
     305
     321
     353
     315
     339
     348
     330
     347
     312
     290
     311
     315
     301
     350
     304
     298
     298
     336
     349
     332
     297
     364
     332
     312
     301
     316
     316
     295
     335
     326
     298
     328
     313
     318
     335
     292
     295
     303
     335
     294
     300
     352
     320
     334
     308
     314
     335
     311
     272
     370
     310
     329
     343
     323
     312
     334
     309
     320
     346
     324
     306
     319
     305
     336
     315
     331
     309
     316
     330
     306
     324
     329
     306
     303
     318
     305
     341
     321
     307
     284
     305
     296
     317
     347
     310
     338
     313
     298
     316
     295
     309
     329
     326
     321
     301
     345
     311
     319
     320
     335
     334
     302
     306
     327
     317
     323
     317
     309
     305
     320
     332
     325
     306
     329
     328
     318
     288
     307
     322
     328
     306
     314
     359
     353
     327
     347
     313
     295
     320
     343
     347
     306
     324
     273
     334
     315
     327
     284
     297
     297
     311
     315
     320
     312
     364
     322
     287
     324
     277
     351
     314
     337
     335
     337
     296
     321
     324
     311
     308
     369
     298
     312
     306
     308
     340
     343
     293
     320
     320
     331
     314
     322
     316
     346
     327
     324
     376
     313
     320
     339
     300
     323
     319
     288
     354
     318
     332
     332
     324
     328
     329
     309
     338
     313
     333
     318
     320
     298
     311
     330
     323
     317
     300
     335
     293
     306
     321
     296
     289
     307
     334
     309
     286
     322
     318
     326
     311
     318
     307
     318
     315
     313
     322
     336
     323
     320
     305
     293
     339
     314
     312
     283
     314
     316
     372
     333
     340
     301
     310
     304
     309
     291
     309
     324
     285
     320
     323
     331
     316
     326
     334
     317
     331
     344
     310
     352
     344
     333
     327
     295
     312
     334
     343
     324
     315
     298
     321
     333
     347
     342
     309
     310
     305
     337
     329
     323
     333
     318
     308
     288
     318
     331
     324
     308
     300
     317
     273
     299
     318
     302
     339
     339
     324
     320
     338
     295
     321
     320
     352
     327
     350
     332
     345
     339
     339
     315
     318
     333
     327
     321
     313
     310
     310
     354
     319
     321
     292
     328
     291
     359
     373
     308
     329
     352
     329
     353
     307
     332
     312
     321
     283
     321
     296
     295
     332
     317
     325
     299
     296
     339
     300
     329
     357
     303
     342
     298
     326
     328
     348
     303
     314
     297
     323
     311
     303
     340
     316
     301
     299
     321
     278
     336
     311
     321
     337
     371
     325
     334
     310
     341
     307
     295
     308
     313
     296
     308
     289
     331
     322
     316
     326
     340
     330
     316
     311
     299
     331
     322
     326
     338
     314
     311
     309
     332
     282
     325
     327
     329
     342
     340
     338
     319
     301
     330
     320
     306
     307
     300
     319
     320
     301
     308
     303
     309
     336
     334
     317
     283
     314
     293
     328
     314
     338
     328
     349
     311
     300
     307
     328
     300
     304
     311
     319
     311
     319
     292
     338
     317
     325
     285
     304
     284
     299
     314
     326
     320
     308
     333
     314
     327
     317
     304
     331
     311
     328
     302
     329
     323
     293
     316
     325
     336
     297
     311
     313
     278
     319
     336
     284
     346
     308
     292
     310
     322
     296
     316
     324
     318
     308
     294
     307
     324
     295
     300
     328
     342
     348
     320
     320
     310
     290
     304
     321
     320
     306
     302
     314
     305
     308
     312
     324
     321
     290
     358
     323
     294
     305
     344
     338
     311
     317
     322
     329
     300
     338
     288
     315
     323
     299
     329
     337
     316
     341
     313
     335
     373
     330
     317
     305
     291
     301
     339
     320
     295
     323
     324
     321
     322
     341
     334
     346
     350
     327
     286
     323
     315
     295
     310
     329
     334
     329
     322
     314
     301
     322
     295
     320
     314
     329
     310
     332
     309
     314
     315
     353
     292
     308
     292
     300
     300
     332
     277
     340
     325
     305
     312
     343
     321
     317
     314
     288
     324
     333
     322
     309
     306
     299
     322
     319
     319
     318
     313
     333
     301
     332
     299
     345
     323
     288
     329
     346
     316
     293
     339
     290
     332
     304
     326
     353
     344
     288
     320
     346
     327
     336
     334
     326
     321
     351
     319
     295
     324
     333
     305
     321
     317
     320
     289
     315
     298
     304
     310
     346
     292
     301
     330
     349
     303
     300
     282
     311
     319
     316
     324
     315
     309
     315
     299
     305
     329
     319
     317
     336
     340
     315
     325
     306
     344
     316
     297
     310
     317
     355
     367
     307
     294
     324
     351
     313
     308
     346
     309
     337
     330
     297
     319
     314
     277
     325
     290
     288
     334
     328
     316
     312
     290
     330
     332
     307
     307
     317
     327
     312
     334
     314
     293
     294
     288
     324
     298
     304
     311
     277
     324
     322
     304
     296
     311
     288
     324
     291
     319
     340
     325
     351
     294
     313
     287
     314
     305
     346
     336
     358
     314
     332
     306
     313
     304
     286
     298
     317
     337
     326
     333
     321
     308
     342
     289
     327
     305
     314
     323
     305
     359
     324
     321
     308
     329
     299
     309
     305
     301
     306
     309
     317
     318
     323
     326
     302
     319
     309
     294
     318
     267
     317
     325
     313
     336
     296
     313
     327
     314
     308
     333
     314
     318
     322
     308
     320
     308
     324
     292
     321
     322
     326
     308
     305
     311
     330
     315
     288
     285
     306
     325
     340
     304
     330
     325
     337
     299
     314
     324
     319
     348
     281
     279
     318
     337
     296
     337
     338
     320
     333
     315
     337
     295
     326
     308
     264
     326
     351
     298
     312
     273
     299
     312
     338
     295
     358
     313
     309
     299
     327
     330
     304
     322
     331
     320
     286
     305
     310
     294
     330
     313
     308
     340
     331
     310
     295
     321
     356
     351
     292
     304
     330
     322
     310
     303
     323
     302
     307
     319
     314
     322
     303
     330
     294
     303
     305
     312
     315
     317
     329
     313
     286
     310
     307
     320
     316
     305
     315
     299
     337
     316
     306
     318
     315
     332
     313
     306
     308
     314
     314
     295
     330
     310
     343
     296
     325
     271
     338
     298
     331
     319
     345
     323
     313
     331
     329
     319
     322
     304
     331
     328
     320
     325
     304
     312
     347
     313
     316
     302
     321
     315
     307
     303
     322
     323
     312
     323
     318
     342
     321
     323
     314
     301
     317
     291
     321
     374
     308
     328
     315
     319
     331
     307
     295
     277
     300
     366
     312
     290
     320
     341
     318
     336
     325
     336
     319
     314
     288
     280
     304
     315
     316
     348
     307
     313
     318
     338
     366
     332
     288
     278
     320
     332
     330
     290
     301
     314
     311
     311
     302
     325
     310
     319
     314
     314
     332
     294
     290
     327
     294
     306
     295
     309
     337
     333
     292
     329
     293
     351
     295
     328
     362
     320
     290
     271
     303
     295
     322
     297
     316
     337
     332
     340
     292
     278
     341
     323
     324
     341
     304
     326
     312
     343
     292
     301
     326
     306
     301
     295
     343
     301
     329
     308
     299
     320
     281
     298
     306
     293
     317
     319
     300
     311
     336
     305
     323
     311
     312
     273
     318
     340
     323
     338
     333
     307
     315
     315
     326
     298
     326
     316
     327
     298
     326
     320
     323
     311
     317
     302
     336
     320
     310
     311
     293
     326
     326
     341
     320
     292
     317
     300
     318
     336
     335
     304
     340
     293
     334
     290
     310
     304
     346
     332
     308
     338
     326
     294
     314
     315
     366
     298
     339
     326
     303
     322
     329
     331
     308
     298
     314
     318
     295
     333
     307
     312
     332
     287
     312
     292
     323
     326
     305
     297
     304
     326
     303
     305
     300
     311
     308
     340
     280
     326
     329
     280
     304
     341
     295
     295
     327
     344
     318
     335
     343
     337
     292
     342
     287
     348
     332
     323
     301
     319
     312
     313
     323
     305
     306
     320
     333
     310
     309
     310
     323
     301
     319
     321
     317
     315
     305
     330
     322
     333
     311
     320
     300
     337
     321
     315
     327
     334
     318
     324
     301
     303
     323
     302
     303
     304
     295
     294
     317
     284
     315
     291
     310
     284
     305
     297
     315
     291
     330
     333
     301
     268
     337
     317
     302
     362
     290
     335
     340
     315
     363
     325
     344
     328
     308
     338
     336
     299
     308
     342
     327
     312
     314
     312
     318
     351
     315
     314
     340
     314
     315
     304
     339
     312
     317
     335
     318
     335
     316
     286
     326
     299
     299
     329
     337
     301
     277
     330
     307
     317
     343
     334
     323
     318
     319
     285
     302
     341
     339
     293
     310
     317
     302
     293
     338
     300
     312
     343
     320
     317
     307
     311
     315
     331
     298
     297
     330
     312
     307
     324
     297
     307
     321
     318
     319
     313
     304
     290
     340
     372
     306
     303
     297
     299
     312
     325
     295
     324
     318
     334
     323
     328
     318
     328
     320
     298
     294
     341
     321
     319
     314
     314
     323
     304
     308
     306
     304
     295
     300
     329
     311
     308
     313
     315
     316
     282
     298
     310
     315
     264
     338
     311
     319
     314
     301
     325
     330
     324
     325
     298
     301
     304
     304
     287
     339
     326
     310
     336
     349
     316
     315
     304
     310
     302
     321
     328
     303
     325
     332
     290
     323
     300
     296
     279
     303
     307
     302
     294
     327
     305
     302
     308
     336
     294
     312
     321
     314
     299
     306
     334
     311
     318
     325
     312
     314
     319
     320
     339
     326
     347
     334
     315
     316
     297
     342
     311
     313
     294
     315
     297
     300
     331
     309
     282
     306
     326
     304
     318
     311
     347
     311
     310
     331
     305
     335
     303
     314
     304
     320
     306
     325
     339
     302
     311
     329
     289
     344
     290
     343
     311
     330
     304
     271
     321
     324
     334
     303
     287
     288
     310
     274
     328
     299
     327
     323
     326
     290
     336
     304
     319
     332
     321
     313
     355
     315
     294
     330
     328
     298
     294
     286
     327
     303
     337
     330
     317
     327
     362
     282
     274
     331
     307
     296
     299
     278
     304
     313
     307
     305
     331
     317
     333
     308
     318
     323
     347
     324
     316
     338
     332
     306
     323
     307
     307
     321
     313
     326
     305
     325
     333
     316
     311
     313
     299
     323
     333
     308
     334
     300
     305
     300
     309
     343
     323
     321
     266
     279
     287
     316
     348
     323
     332
     319
     324
     284
     319
     319
     307
     301
     284
     316
     293
     328
     320
     310
     287
     308
     317
     308
     299
     341
     324
     325
     296
     310
     314
     340
     321
     341
     319
     338
     323
     285
     328
     326
     293
     281
     290
     321
     340
     301
     317
     315
     299
     296
     329
     353
     309
     299
     309
     351
     340
     339
     329
     336
     335
     323
     297
     317
     340
     329
     295
     317
     305
     288
     312
     315
     286
     274
     274
     308
     354
     302
     309
     302
     324
     297
     328
     322
     297
     309
     321
     319
     298
     328
     318
     330
     322
     344
     313
     288
     292
     320
     313
     300
     313
     330
     318
     318
     334
     305
     338
     339
     320
     324
     331
     324
     335
     340
     314
     310
     324
     315
     322
     307
     358
     308
     312
     308
     313
     299
     319
     331
     332
     320
     310
     304
     326
     351
     334
     317
     333
     317
     333
     295
     286
     321
     298
     296
     316
     298
     316
     311
     274
     308
     302
     292
     325
     320
     358
     280
     294
     319
     316
     312
     317
     337
     299
     310
     321
     311
     322
     301
     301
     323
     285
     316
     299
     320
     324
     288
     314
     305
     327
     319
     295
     344
     321
     320
     328
     330
     340
     323
     328
     303
     300
     357
     306
     339
     340
     321
     301
     302
     320
     335
     295
     302
     308
     323
     302
     343
     307
     317
     309
     306
     316
     317
     323
     290
     339
     339
     324
     295
     326
     313
     309
     332
     317
     295
     322
     313
     330
     327
     279
     328
     350
     308
     312
     318
     305
     321
     281
     300
     329
     316
     297
     307
     322
     323
     321
     304
     326
     293
     290
     339
     350
     310
     321
     328
     330
     305
     309
     302
     310
     276
     319
     323
     318
     311
     341
     304
     301
     312
     307
     346
     307
     315
     321
     327
     331
     300
     321
     305
     317
     299
     310
     267
     321
     324
     302
     286
     327
     309
     295
     323
     320
     327
     303
     311
     331
     347
     318
     274
     318
     291
     297
     322
     310
     321
     301
     329
     342
     296
     299
     317
     293
     322
     321
     343
     310
     320
     297
     307
     300
     321
     303
     315
     297
     322
     325
     313
     336
     316
     321
     315
     360
     319
     327
     313
     298
     302
     325
     323
     302
     333
     328
     342
     303
     316
     334
     301
     349
     324
     301
     340
     332
     340
     316
     326
     299
     308
     346
     291
     279
     297
     360
     303
     324
     325
     318
     324
     311
     343
     327
     299
     319
     319
     329
     319
     316
     292
     317
     311
     314
     277
     331
     316
     313
     317
     305
     295
     329
     307
     333
     309
     294
     296
     327
     309
     323
     308
     313
     307
     308
     356
     310
     280
     314
     320
     315
     303
     319
     324
     312
     337
     323
     294
     350
     297
     348
     351
     278
     330
     316
     285
     304
     292
     306
     318
     312
     314
     322
     310
     335
     319
     316
     350
     320
     296
     309
     326
     304
     350
     338
     322
     330
     331
     306
     297
     308
     309
     321
     304
     276
     283
     311
     303
     316
     296
     288
     351
     284
     310
     306
     324
     302
     295
     303
     334
     288
     359
     286
     327
     352
     309
     320
     298
     323
     286
     324
     311
     298
     318
     298
     349
     326
     305
     295
     339
     328
     312
     298
     303
     322
     307
     338
     297
     319
     311
     316
     309
     354
     326
     302
     291
     276
     334
     290
     352
     315
     315
     328
     327
     330
     304
     324
     304
     303
     328
     306
     330
     323
     346
     300
     307
     287
     328
     293
     299
     310
     320
     337
     332
     297
     286
     295
     309
     296
     354
     294
     318
     303
     305
     314
     313
     340
     337
     320
     299
     324
     304
     308
     300
     302
     301
     308
     329
     310
     307
     319
     320
     323
     311
     292
     312
     321
     296
     317
     323
     315
     296
     303
     340
     327
     317
     315
     305
     334
     303
     309
     324
     342
     297
     299
     305
     328
     313
     317
     332
     298
     320
     287
     279
     293
     295
     307
     328
     296
     320
     324
     301
     309
     324
     315
     291
     315
     284
     271
     318
     296
     333
     326
     308
     325
     310
     348
     324
     349
     289
     326
     303
     310
     301
     319
     335
     318
     273
     329
     285
     309
     299
     337
     318
     302
     316
     309
     325
     336
     275
     324
     321
     317
     308
     288
     315
     326
     311
     326
     320
     290
     302
     311
     339
     311
     312
     289
     292
     320
     312
     315
     325
     318
     308
     292
     327
     337
     333
     318
     325
     284
     318
     291
     310
     301
     301
     308
     330
     324
     309
     313
     313
     346
     310
     323
     328
     313
     338
     322
     322
     299
     329
     338
     298
     322
     337
     291
     302
     324
     326
     311
     314
     321
     338
     300
     308
     356
     340
     324
     352
     297
     321
     317
     291
     298
     327
     319
     301
     324
     300
     300
     300
     323
     324
     300
     289
     301
     298
     353
     334
     323
     344
     308
     314
     297
     310
     325
     336
     327
     287
     304
     313
     324
     296
     318
     309
     313
     309
     304
     314
     301
     287
     328
     316
     313
     317
     293
     315
     288
     258
     329
     315
     309
     288
     329
     287
     316
     281
     301
     325
     329
     306
     327
     346
     351
     338
     314
     328
     330
     339
     330
     319
     320
     315
     298
     333
     301
     318
     313
     320
     310
     318
     330
     290
     311
     329
     338
     355
     337
     300
     268
     311
     312
     292
     349
     339
     305
     300
     272
     324
     317
     298
     298
     293
     323
     292
     353
     293
     326
     323
     316
     314
     336
     333
     303
     302
     345
     319
     332
     342
     314
     308
     311
     318
     272
     343
     292
     324
     316
     336
     326
     359
     298
     329
     288
     309
     294
     314
     322
     336
     324
     332
     292
     324
     325
     320
     326
     305
     307
     326
     289
     279
     319
     309
     313
     340
     281
     330
     320
     323
     304
     305
     344
     323
     321
     315
     306
     317
     304
     343
     328
     332
     313
     326
     311
     266
     294
     340
     310
     332
     324
     291
     332
     336
     303
     295
     325
     326
     323
     334
     326
     299
     317
     308
     329
     291
     295
     272
     299
     302
     316
     339
     324
     314
     318
     308
     346
     331
     323
     308
     302
     318
     315
     301
     330
     277
     346
     290
     305
     302
     297
     327
     320
     304
     308
     302
     324
     318
     312
     327
     328
     298
     292
     298
     309
     277
     317
     308
     310
     313
     320
     317
     306
     274
     271
     293
     296
     318
     336
     301
     334
     323
     315
     322
     332
     321
     284
     306
     348
     348
     305
     324
     338
     288
     316
     325
     299
     340
     305
     315
     302
     312
     325
     314
     299
     304
     287
     335
     293
     309
     320
     347
     345
     316
     285
     304
     342
     302
     321
     309
     305
     290
     299
     320
     323
     320
     313
     356
     327
     301
     328
     317
     303
     288
     318
     329
     326
     324
     309
     282
     329
     314
     324
     328
     341
     298
     321
     335
     272
     306
     286
     313
     278
     307
     330
     313
     303
     324
     313
     322
     329
     329
     309
     305
     320
     275
     305
     329
     307
     291
     278
     321
     321
     320
     331
     318
     292
     330
     293
     308
     300
     296
     285
     300
     335
     305
     292
     331
     296
     341
     320
     328
     336
     324
     331
     295
     331
     313
     317
     321
     301
     316
     343
     327
     325
     319
     286
     304
     311
     304
     336
     310
     297
     334
     285
     325
     326
     305
     291
     293
     303
     316
     327
     314
     299
     316
     309
     306
     319
     323
     334
     312
     327
     314
     315
     298
     310
     324
     322
     287
     319
     325
     302
     325
     294
     349
     318
     343
     338
     296
     312
     326
     326
     312
     289
     318
     307
     328
     284
     285
     327
     307
     292
     315
     339
     324
     325
     306
     301
     320
     338
     318
     335
     323
     309
     341
     353
     323
     327
     302
     299
     321
     299
     331
     348
     296
     335
     288
     307
     320
     294
     379
     298
     314
     328
     315
     320
     318
     301
     319
     303
     307
     306
     347
     333
     326
     318
     330
     340
     327
     299
     309
     319
     291
     294
     312
     307
     348
     338
     355
     337
     328
     307
     324
     352
     302
     306
     315
     282
     336
     333
     295
     301
     325
     306
     294
     326
     297
     336
     313
     325
     318
     333
     340
     299
     319
     327
     304
     319
     288
     322
     293
     308
     333
     274
     288
     323
     336
     292
     338
     296
     341
     325
     316
     358
     303
     323
     288
     318
     332
     327
     325
     292
     311
     313
     307
     323
     292
     298
     303
     304
     318
     332
     337
     334
     306
     311
     356
     310
     318
     292
     283
     307
     295
     299
     340
     319
     337
     341
     305
     314
     334
     329
     319
     307
     311
     332
     284
     346
     344
     291
     306
     301
     305
     318
     306
     330
     289
     302
     320
     339
     302
     303
     310
     342
     315
     326
     294
     325
     305
     315
     328
     318
     305
     298
     295
     315
     334
     325
     309
     320
     353
     290
     303
     316
     335
     333
     303
     300
     309
     362
     341
     302
     291
     298
     301
     309
     299
     344
     317
     319
     303
     329
     347
     307
     321
     302
     289
     314
     315
     310
     291
     310
     325
     343
     356
     327
     335
     317
     328
     340
     324
     320
     321
     283
     302
     345
     303
     307
     295
     319
     297
     305
     324
     323
     320
     311
     315
     336
     321
     300
     294
     312
     301
     327
     313
     299
     301
     292
     333
     331
     317
     357
     302
     337
     304
     317
     340
     321
     306
     327
     307
     302
     315
     358
     322
     319
     324
     336
     294
     298
     327
     360
     320
     296
     312
     304
     288
     334
     308
     293
     310
     309
     308
     299
     321
     315
     332
     307
     303
     333
     309
     299
     326
     312
     277
     275
     301
     328
     293
     324
     309
     334
     307
     310
     307
     309
     280
     348
     318
     310
     325
     317
     303
     309
     325
     303
     313
     325
     303
     301
     315
     345
     318
     300
     341
     325
     323
     288
     303
     305
     325
     310
     357
     298
     328
     315
     320
     287
     304
     320
     318
     298
     281
     328
     298
     300
     290
     313
     337
     300
     314
     295
     312
     326
     305
     302
     306
     306
     315
     312
     310
     314
     312
     312
     295
     309
     312
     296
     360
     279
     325
     310
     334
     327
     328
     345
     276
     306
     280
     307
     308
     292
     301
     291
     310
     324
     316
     321
     313
     294
     330
     308
     330
     341
     303
     281
     316
     297
     325
     312
     306
     286
     360
     304
     306
     309
     298
     278
     317
     350
     342
     337
     295
     322
     326
     319
     358
     309
     283
     322
     307
     328
     326
     310
     309
     316
     348
     329
     331
     320
     315
     330
     311
     326
     321
     325
     356
     311
     339
     304
     322
     312
     285
     309
     319
     335
     297
     300
     298
     322
     312
     301
     308
     302
     305
     308
     323
     318
     315
     351
     312
     337
     313
     306
     279
     299
     293
     295
     310
     321
     296
     351
     305
     344
     293
     312
     304
     311
     296
     312
     325
     334
     326
     304
     315
     305
     315
     302
     318
     314
     300
     295
     293
     308
     308
     290
     321
     326
     290
     296
     341
     301
     332
     286
     295
     310
     325
     335
     310
     304
     317
     320
     346
     328
     317
     348
     334
     308
     293
     289
     339
     326
     295
     314
     315
     328
     306
     309
     333
     379
     279
     294
     333
     304
     316
     317
     328
     296
     326
     328
     308
     315
     277
     310
     293
     351
     321
     307
     332
     272
     307
     297
     351
     319
     318
     292
     334
     316
     319
     330
     350
     323
     312
     335
     336
     313
     337
     342
     322
     288
     342
     293
     342
     315
     299
     323
     302
     316
     285
     356
     320
     312
     319
     304
     296
     295
     301
     305
     288
     303
     326
     303
     310
     299
     302
     325
     323
     356
     277
     317
     296
     329
     314
     309
     326
     333
     319
     304
     302
     330
     307
     347
     300
     307
     328
     323
     284
     312
     316
     295
     333
     317
     297
     299
     324
     311
     340
     314
     271
     289
     314
     316
     290
     329
     320
     318
     308
     331
     346
     308
     335
     304
     316
     342
     318
     273
     319
     352
     289
     296
     304
     330
     332
     354
     320
     323
     308
     296
     332
     301
     309
     316
     330
     286
     326
     307
     313
     314
     320
     284
     309
     292
     318
     311
     351
     309
     310
     329
     301
     366
     320
     304
     336
     323
     311
     305
     309
     316
     309
     321
     336
     346
     332
     336
     323
     331
     308
     295
     322
     294
     299
     289
     295
     314
     331
     326
     324
     308
     334
     295
     295
     317
     347
     306
     342
     348
     298
     314
     320
     272
     284
     314
     322
     303
     324
     311
     303
     312
     358
     333
     316
     295
     320
     298
     279
     310
     342
     281
     319
     334
     343
     338
     328
     317
     326
     317
     296
     275
     319
     312
     337
     300
     337
     319
     315
     324
     314
     311
     341
     310
     296
     315
     303
     329
     335
     332
     306
     285
     321
     315
     314
     330
     295
     315
     302
     306
     303
     309
     340
     293
     313
     335
     320
     329
     326
     320
     320
     318
     329
     299
     301
     315
     296
     327
     294
     304
     301
     296
     318
     274
     329
     324
     307
     311
     360
     295
     321
     317
     307
     296
     301
     324
     341
     327
     324
     324
     295
     339
     331
     344
     332
     319
     334
     307
     335
     280
     289
     279
     311
     349
     316
     303
     347
     326
     312
     331
     301
     292
     301
     315
     289
     322
     331
     313
     278
     332
     304
     305
     307
     324
     304
     335
     297
     279
     312
     278
     308
     315
     329
     299
     292
     286
     333
     332
     327
     336
     326
     329
     350
     297
     276
     299
     319
     311
     286
     309
     301
     316
     318
     349
     347
     309
     330
     325
     336
     295
     337
     334
     334
     321
     302
     317
     324
     324
     302
     329
     322
     323
     302
     317
     294
     299
     284
     365
     312
     305
     337
     294
     311
     324
     327
     307
     309
     291
     326
     304
     298
     299
     318
     300
     297
     328
     307
     304
     321
     347
     319
     298
     300
     307
     311
     331
     325
     310
     304
     309
     304
     289
     300
     335
     303
     308
     332
     324
     285
     312
     297
     289
     317
     297
     309
     330
     289
     304
     322
     293
     319
     296
     318
     284
     305
     318
     343
     354
     328
     300
     300
     321
     321
     299
     327
     334
     310
     318
     313
     322
     328
     329
     349
     292
     320
     314
     317
     342
     315
     298
     323
     329
     321
     295
     288
     291
     322
     342
     295
     294
     277
     341
     307
     315
     328
     326
     294
     289
     301
     288
     312
     336
     307
     341
     288
     305
     294
     317
     315
     297
     331
     291
     292
     337
     306
     284
     319
     311
     336
     316
     303
     325
     304
     342
     323
     312
     344
     359
     295
     287
     322
     339
     306
     322
     315
     317
     311
     325
     310
     318
     331
     320
     353
     318
     317
     320
     317
     307
     323
     299
     338
     337
     276
     292
     330
     337
     311
     332
     311
     306
     313
     345
     314
     289
     311
     343
     313
     271
     320
     319
     294
     320
     309
     254
     322
     304
     335
     303
     316
     350
     306
     330
     354
     320
     318
     327
     292
     333
     291
     337
     350
     312
     277
     273
     327
     319
     336
     298
     292
     308
     332
     299
     319
     331
     312
     326
     312
     304
     310
     335
     304
     314
     324
     295
     327
     333
     309
     316
     294
     332
     313
     363
     316
     318
     306
     337
     320
     294
     320
     333
     314
     315
     311
     307
     337
     289
     338
     303
     323
     329
     315
     327
     317
     313
     291
     329
     300
     286
     311
     312
     323
     317
     307
     316
     268
     303
     316
     308
     304
     309
     310
     300
     318
     317
     301
     303
     324
     315
     303
     304
     307
     315
     317
     302
     310
     301
     341
     301
     296
     325
     333
     319
     322
     329
     328
     304
     333
     290
     322
     292
     296
     314
     304
     311
     294
     297
     319
     344
     309
     328
     298
     345
     303
     320
     284
     335
     303
     306
     343
     308
     313
     307
     288
     332
     305
     291
     329
     292
     323
     313
     340
     298
     305
     321
     341
     310
     302
     300
     319
     304
     327
     316
     341
     325
     307
     326
     333
     293
     298
     318
     311
     326
     335
     329
     318
     308
     302
     311
     320
     300
     340
     309
     318
     309
     274
     296
     325
     305
     301
     320
     326
     300
     346
     318
     293
     322
     307
     326
     325
     287
     312
     314
     344
     318
     335
     312
     289
     369
     314
     301
     303
     323
     316
     281
     324
     315
     310
     343
     314
     305
     307
     323
     298
     297
     312
     314
     292
     335
     304
     277
     301
     325
     298
     299
     315
     323
     321
     320
     306
     330
     305
     330
     300
     313
     300
     293
     317
     332
     332
     332
     323
     351
     314
     352
     322
     300
     337
     313
     291
     329
     331
     268
     309
     322
     309
     298
     287
     321
     292
     321
     313
     306
     302
     286
     329
     301
     323
     308
     294
     323
     285
     330
     309
     273
     316
     325
     308
     335
     310
     296
     309
     352
     289
     294
     281
     316
     338
     303
     339
     314
     312
     353
     343
     295
     350
     312
     323
     320
     306
     300
     329
     298
     322
     285
     325
     352
     302
     297
     297
     310
     291
     307
     333
     332
     324
     294
     297
     300
     296
     298
     318
     285
     345
     315
     314
     323
     315
     309
     311
     313
     289
     329
     342
     341
     280
     277
     329
     318
     320
     338
     331
     322
     338
     328
     313
     308
     314
     321
     326
     341
     328
     310
     317
     295
     330
     326
     309
     319
     310
     324
     289
     307
     305
     356
     302
     304
     302
     307
     301
     334
     327
     300
     303
     337
     316
     304
     330
     306
     326
     303
     314
     326
     269
     272
     274
     292
     333
     327
     329
     306
     340
     270
     321
     336
     335
     336
     300
     279
     303
     344
     346
     307
     319
     269
     315
     313
     291
     324
     300
     337
     286
     310
     319
     327
     298
     323
     329
     310
     303
     316
     347
     324
     311
     321
     314
     305
     330
     300
     322
     336
     304
     298
     316
     302
     284
     301
     311
     301
     338
     328
     316
     320
     305
     307
     306
     328
     282
     320
     334
     327
     349
     326
     315
     317
     311
     300
     306
     343
     332
     305
     320
     293
     322
     299
     318
     286
     344
     311
     294
     296
     340
     327
     324
     303
     331
     294
     318
     338
     307
     298
     296
     294
     285
     299
     337
     312
     316
     330
     303
     321
     300
     315
     319
     294
     302
     308
     285
     311
     333
     293
     344
     332
     320
     326
     336
     291
     287
     318
     285
     314
     326
     307
     294
     277
     295
     289
     338
     308
     299
     304
     316
     322
     308
     313
     302
     311
     331
     341
     329
     332
     309
     344
     289
     311
     296
     308
     277
     323
     297
     300
     352
     292
     334
     327
     312
     327
     331
     293
     292
     344
     279
     319
     336
     310
     316
     299
     319
     278
     282
     318
     315
     306
     332
     323
     319
     330
     312
     342
     316
     328
     304
     297
     307
     306
     311
     310
     316
     294
     324
     307
     314
     311
     342
     308
     299
     350
     325
     305
     290
     309
     298
     348
     311
     286
     299
     336
     313
     293
     306
     328
     331
     281
     294
     296
     311
     338
     289
     285
     317
     320
     304
     292
     332
     320
     295
     303
     333
     343
     327
     310
     325
     295
     300
     322
     309
     336
     318
     341
     337
     333
     291
     304
     319
     289
     328
     329
     303
     315
     303
     308
     337
     273
     287
     311
     316
     331
     309
     293
     335
     322
     338
     311
     304
     320
     300
     293
     279
     285
     301
     290
     303
     340
     327
     317
     332
     338
     327
     321
     330
     330
     298
     311
     310
     326
     313
     317
     311
     310
     351
     313
     309
     319
     322
     324
     324
     309
     342
     363
     290
     319
     297
     296
     329
     355
     345
     319
     294
     290
     340
     336
     335
     305
     323
     298
     309
     310
     312
     338
     335
     329
     308
     294
     321
     326
     310
     283
     336
     323
     355
     318
     260
     373
     339
     291
     321
     337
     303
     322
     326
     282
     305
     326
     317
     282
     324
     287
     304
     292
     322
     296
     328
     315
     339
     315
     297
     322
     335
     307
     293
     327
     319
     311
     326
     304
     310
     326
     318
     347
     303
     300
     307
     298
     327
     326
     310
     309
     328
     318
     294
     347
     336
     302
     294
     315
     292
     313
     315
     314
     289
     333
     291
     315
     328
     312
     306
     308
     316
     305
     312
     299
     297
     298
     340
     323
     300
     346
     315
     327
     313
     300
     286
     341
     301
     319
     319
     306
     303
     300
     319
     323
     285
     318
     316
     327
     328
     290
     305
     317
     318
     313
     296
     293
     362
     290
     339
     336
     328
     295
     328
     338
     334
     312
     295
     338
     309
     336
     341
     279
     288
     297
     330
     315
     293
     318
     311
     329
     314
     304
     317
     295
     310
     308
     288
     318
     331
     356
     335
     311
     309
     312
     311
     306
     288
     328
     313
     334
     314
     358
     314
     331
     318
     308
     304
     310
     322
     305
     334
     295
     304
     322
     307
     333
     313
     348
     314
     323
     315
     323
     272
     301
     298
     333
     312
     319
     308
     353
     311
     307
     317
     358
     310
     300
     344
     299
     329
     327
     325
     313
     300
     314
     273
     326
     291
     351
     287
     333
     330
     322
     316
     317
     320
     323
     346
     317
     293
     316
     290
     315
     328
     275
     312
     346
     309
     322
     327
     303
     312
     314
     317
     304
     317
     284
     333
     317
     260
     295
     306
     319
     331
     321
     320
     323
     304
     319
     329
     325
     348
     320
     280
     328
     318
     305
     314
     337
     323
     344
     328
     293
     327
     332
     310
     330
     305
     282
     345
     336
     300
     310
     304
     315
     337
     345
     315
     325
     345
     306
     347
     315
     315
     304
     296
     332
     304
     332
     315
     306
     304
     322
     316
     341
     340
     316
     351
     322
     312
     315
     293
     289
     296
     326
     314
     305
     300
     325
     307
     320
     299
     318
     319
     334
     311
     319
     329
     299
     331
     276
     295
     498
     630
     595
     620
     641
     581
     584
     568
     632
     617
     604
     605
     579
     561
     577
     575
     578
     579
     571
     564
     567
     569
     536
     567
     547
     537
     536
     512
     537
     510
     528
     529
     465
     500
     500
     500
     475
     540
     490
     465
     474
     483
     489
     490
     496
     513
     472
     445
     441
     461
     466
     446
     452
     428
     418
     453
     414
     374
     451
     431
     404
     398
     421
     414
     397
     398
     397
     374
     380
     375
     395
     372
     379
     360
     334
     364
     348
     335
     363
     365
     391
     370
     339
     365
     328
     354
     327
     310
     317
     300
     303
     304
     318
     296
     301
     275
     286
     271
     298
     297
     312
     278
     249
     257
     277
     257
     271
     271
     266
     255
     258
     245
     219
     228
     206
     228
     223
     203
     208
     216
     192
     206
     192
     190
     191
     194
     196
     154
     184
     187
     163
     182
     182
     175
     148
     150
     162
     148
     142
     132
     134
     149
     123
     125
     127
     121
     125
     108
     114
     107
     106
     109
      91
     111
      92
     101
      89
      78
      74
      70
      63
      64
      69
      61
      62
      35
      55
      50
      45
      38
      36
      37
      17
      29
      16
      13
      21
       3
       0
       1
       1
       0
       1
       2
       1
$ROI:
1
1691 2677
$PRESETS:
None
0
0
$ENER_FIT:
0.000000 0.000000
$MCA_CAL:
3
0.000000E+000 0.000000E+000 0.000000E+000 
$SHAPE_CAL:
3
0.000000E+000 0.000000E+000 0.000000E+000
