$SPEC_ID:
No sample description was entered.
$SPEC_REM:
DET# 1
DETDESC# S047331 MCB 337
AP# Maestro Version 7.01
$DATE_MEA:
08/12/2018 03:41:17
$MEAS_TIM:
14400 14401
$DATA:
0 8191
       0
       0
       0
       0
       0
       0
       0
       0
       0
       0
       0
       0
       0
       0
       0
       0
       0
       0
       0
       0
       0
       0
       0
       0
       0
       0
       0
       0
       0
       0
       0
       0
       0
       0
       0
       0
       0
       0
       0
       0
       0
       0
       0
       0
       0
       0
       0
       0
       0
       0
       0
       0
       0
       0
       0
       0
       0
       0
       0
       0
       0
       0
       0
       0
       0
       0
       0
       0
       0
       0
       0
       0
       0
       0
       0
       0
       0
       0
       0
       0
       0
       0
       0
       0
       0
       0
       0
       0
       0
       0
       0
       0
       0
       0
       0
       0
       0
       0
       0
       0
       0
       0
       0
       0
       0
       0
       0
       0
       0
       0
       0
       0
       0
       0
       0
       0
       0
       0
       0
       0
       0
       0
       0
       0
       0
       0
       0
       0
       0
       0
       0
       0
       0
       0
       0
       0
       0
       0
       0
       0
       0
       0
       0
       0
       0
       0
       0
       0
       0
       0
       0
       0
       0
       0
       0
       0
       0
       0
       0
       0
       0
       0
       0
       0
       0
       0
       0
       0
       0
       0
       0
       0
       0
       0
       0
       0
       0
       0
       0
       0
       0
       0
       0
       0
       0
       0
       0
       0
       0
       0
       0
       0
       0
       0
       0
       0
       0
       0
       0
       0
       0
       0
       0
       0
       0
       0
       0
       0
       0
       0
       0
       0
       0
       0
       0
       0
       0
       0
       0
       0
       0
       0
       0
       0
       0
       0
       0
       0
       0
       0
       0
       0
       0
       0
       0
       0
       0
       0
       0
       0
       0
       0
       0
       0
       0
       0
       0
       0
       0
       0
       0
       0
       0
       0
       0
       0
       0
       0
       0
       0
       0
       0
       0
       0
       0
       0
       0
       0
       0
       0
       0
       0
       0
       0
       0
       0
       0
       0
       0
       0
       0
       0
       0
       0
       0
       0
       0
       0
       0
       0
       0
       0
       0
       0
       0
       0
       0
       0
       0
       0
       0
       0
       0
       0
       0
       0
       0
       0
       0
       0
       0
       0
       0
       0
       0
       0
       0
       0
       0
       0
       0
       0
       0
       0
       0
       0
       0
       0
       0
       0
       0
       0
       0
       0
       0
       0
       0
       0
       0
       0
       0
       0
       0
       0
       0
       0
       0
       0
       0
       0
       0
       0
       0
       0
       0
       0
       0
       0
       0
       0
       0
       0
       0
       0
       0
       0
       0
       0
       0
       0
       0
       0
       0
       0
       0
       0
       0
       0
       0
       0
       0
       0
       0
       0
       0
       0
       0
       0
       0
       0
       0
       0
       0
       0
       0
       0
       0
       0
       0
       0
       0
       0
       0
       0
       0
       0
       0
       0
       0
       0
       0
       0
       0
       0
       0
       0
       0
       0
       0
       0
       0
       0
       0
       0
       0
       0
       0
       0
       0
       0
       0
       0
       0
       0
       0
       0
       0
       0
       0
       0
       0
       0
       0
       0
       0
       0
       0
       0
       0
       0
       0
       0
       0
       0
       0
       0
       0
       0
       0
       0
       0
       0
       0
       0
       0
       0
       0
       0
       0
       0
       0
       0
       0
       0
       0
       0
       0
       0
       0
       0
       0
       0
       0
       0
       0
       0
       0
       0
       0
       0
       0
       0
       0
       0
       0
       0
       0
       0
       0
       0
       0
       0
       0
       0
       0
       0
       0
       0
       0
       0
       0
       0
       0
       0
       0
       0
       0
       0
       0
       0
       0
       0
       0
       0
       0
       0
       0
       0
       0
       0
       0
       0
       0
       0
       0
       0
       0
       0
       0
       0
       0
       0
       0
       0
       0
       0
       0
       0
       0
       0
       0
       0
       0
       0
       0
       0
       0
       0
       0
       0
       0
       0
       0
       0
       0
       0
       0
       0
       0
       0
       0
       0
       0
       0
       0
       0
       0
       0
       0
       0
       0
       0
       0
       0
       0
       0
       0
       0
       0
       0
       0
       0
       0
       0
       0
       0
       1
       0
       0
       0
       0
       1
       0
       0
       0
       2
       1
       0
       0
       0
       1
       0
       1
       0
       1
       1
       0
       0
       0
       2
       0
       1
       1
       0
       2
       1
       0
       2
       0
       0
       1
       0
       2
       0
       1
       1
       1
       0
       0
       0
       2
       0
       1
       0
       1
       0
       1
       1
       1
       0
       0
       0
       0
       0
       1
       0
       0
       0
       1
       1
       0
       0
       0
       1
       1
       0
       1
       0
       0
       0
       0
       1
       0
       0
       0
       0
       2
       0
       3
       0
       0
       1
       0
       1
       1
       1
       1
       1
       1
       0
       3
       0
       0
       0
       0
       1
       1
       0
       0
       0
       1
       2
       0
       0
       2
       0
       0
       0
       0
       2
       1
       1
       0
       0
       1
       2
       1
       0
       0
       0
       0
       1
       0
       1
       0
       0
       1
       0
       1
       1
       1
       2
       0
       2
       1
       2
       1
       1
       0
       0
       1
       0
       0
       0
       1
       0
       0
       0
       0
       0
       0
       0
       0
       1
       1
       1
       0
       1
       1
       1
       1
       0
       1
       1
       1
       2
       0
       0
       0
       2
       0
       0
       0
       2
       0
       0
       0
       2
       0
       1
       0
       0
       1
       0
       2
       0
       0
       1
       2
       0
       0
       1
       2
       1
       0
       0
       2
       0
       0
       0
       1
       2
       1
       0
       0
       0
       0
       0
       1
       0
       0
       0
       0
       0
       0
       0
       1
       0
       0
       0
       1
       1
       0
       0
       0
       0
       2
       0
       2
       1
       0
       0
       0
       0
       1
       3
       2
       0
       0
       0
       0
       1
       0
       0
       2
       0
       1
       0
       0
       0
       1
       0
       0
       0
       2
       1
       0
       0
       2
       0
       0
       0
       0
       0
       0
       0
       0
       1
       0
       1
       1
       1
       0
       1
       2
       3
       1
       0
       0
       0
       1
       0
       1
       0
       0
       0
       1
       0
       0
       1
       0
       1
       1
       0
       1
       1
       0
       1
       0
       3
       1
       1
       0
       0
       1
       0
       1
       1
       0
       1
       2
       1
       1
       1
       0
       0
       0
       1
       2
       2
       1
       0
       2
       0
       1
       0
       0
       1
       0
       0
       0
       0
       0
       0
       1
       0
       2
       0
       2
       0
       1
       0
       0
       1
       1
       3
       1
       1
       0
       0
       0
       0
       0
       0
       0
       0
       0
       0
       0
       0
       0
       2
       0
       2
       1
       0
       0
       1
       0
       1
       0
       1
       0
       0
       1
       1
       0
       0
       1
       1
       0
       1
       0
       1
       1
       0
       0
       0
       2
       1
       0
       1
       1
       1
       0
       0
       0
       1
       1
       0
       2
       1
       0
       0
       1
       1
       0
       0
       1
       0
       1
       1
       0
       0
       0
       2
       1
       2
       0
       0
       1
       0
       2
       0
       0
       0
       1
       0
       0
       0
       0
       1
       2
       2
       0
       0
       0
       1
       1
       1
       0
       0
       0
       0
       1
       1
       0
       0
       0
       1
       2
       0
       0
       0
       1
       0
       1
       1
       1
       2
       1
       0
       0
       1
       0
       1
       0
       0
       0
       0
       0
       1
       0
       1
       1
       1
       1
       0
       0
       0
       1
       0
       1
       1
       0
       1
       0
       0
       0
       1
       2
       0
       1
       0
       0
       0
       2
       0
       0
       0
       0
       0
       2
       0
       0
       0
       2
       2
       0
       2
       0
       0
       0
       0
       0
       0
       0
       0
       0
       0
       1
       0
       0
       0
       1
       2
       1
       1
       1
       0
       0
       0
       1
       1
       2
       0
       0
       1
       1
       1
       0
       0
       1
       1
       0
       1
       0
       0
       2
       3
       0
       1
       1
       2
       0
       1
       1
       2
       0
       1
       0
       1
       1
       0
       2
       0
       0
       1
       1
       0
       0
       0
       0
       1
       0
       0
       0
       0
       0
       0
       1
       0
       0
       1
       1
       1
       1
       0
       1
       0
       0
       0
       0
       0
       1
       1
       0
       1
       1
       1
       0
       0
       1
       0
       1
       1
       0
       1
       0
       0
       1
       1
       0
       0
       0
       0
       0
       1
       1
       0
       1
       1
       1
       1
       2
       0
       0
       0
       1
       0
       1
       1
       1
       0
       2
       0
       1
       0
       0
       0
       2
       1
       0
       0
       0
       4
       1
       1
       2
       1
       4
       1
       1
       1
       0
       0
       1
       1
       2
       1
       0
       1
       2
       0
       2
       0
       0
       0
       0
       0
       0
       2
       0
       0
       1
       0
       1
       3
       0
       2
       1
       0
       1
       0
       0
       1
       1
       0
       1
       1
       2
       0
       2
       0
       1
       0
       0
       1
       0
       0
       0
       0
       0
       1
       1
       3
       1
       0
       0
       0
       0
       0
       0
       1
       0
       0
       1
       2
       0
       0
       0
       0
       0
       1
       1
       0
       1
       0
       0
       1
       0
       0
       0
       0
       1
       0
       1
       1
       0
       0
       1
       2
       0
       0
       2
       0
       0
       1
       2
       0
       0
       1
       0
       1
       0
       0
       1
       0
       0
       1
       1
       1
       1
       1
       4
       1
       0
       1
       0
       0
       0
       1
       1
       1
       0
       0
       1
       0
       1
       0
       0
       0
       2
       0
       1
       1
       2
       1
       0
       1
       0
       1
       0
       0
       1
       1
       1
       0
       0
       1
       0
       1
       2
       1
       1
       1
       0
       2
       0
       0
       1
       1
       0
       0
       0
       0
       0
       1
       0
       0
       2
       1
       0
       1
       0
       0
       0
       0
       0
       0
       1
       0
       0
       1
       0
       2
       1
       0
       0
       0
       0
       0
       1
       0
       1
       0
       0
       0
       0
       1
       1
       1
       2
       1
       1
       0
       1
       2
       0
       1
       1
       0
       1
       1
       3
       0
       1
       0
       1
       2
       0
       2
       1
       0
       4
       1
       0
       0
       0
       1
       0
       0
       0
       1
       0
       0
       0
       0
       0
       1
       1
       0
       1
       0
       0
       0
       0
       1
       0
       1
       0
       0
       0
       1
       1
       1
       0
       1
       0
       2
       0
       0
       1
       0
       1
       0
       0
       1
       1
       0
       0
       1
       0
       1
       1
       0
       3
       0
       0
       3
       1
       0
       0
       1
       2
       0
       2
       1
       1
       2
       1
       0
       0
       1
       1
       1
       1
       1
       1
       1
       0
       0
       1
       0
       1
       1
       1
       0
       0
       0
       0
       1
       1
       1
       0
       0
       2
       1
       0
       1
       1
       1
       0
       1
       1
       0
       0
       0
       1
       0
       1
       0
       2
       0
       0
       1
       2
       0
       2
       0
       1
       0
       0
       1
       1
       0
       1
       1
       1
       0
       0
       2
       0
       0
       0
       0
       1
       0
       0
       1
       0
       2
       0
       0
       0
       0
       2
       0
       2
       0
       1
       0
       1
       0
       1
       0
       0
       2
       1
       1
       2
       2
       1
       1
       0
       0
       1
       1
       0
       1
       0
       0
       0
       0
       0
       3
       2
       0
       1
       0
       0
       2
       0
       1
       0
       0
       1
       0
       1
       0
       0
       1
       0
       0
       1
       1
       2
       2
       2
       0
       0
       1
       0
       0
       1
       0
       0
       0
       0
       2
       0
       0
       0
       3
       0
       0
       2
       3
       1
       1
       2
       0
       0
       0
       1
       1
       0
       2
       2
       1
       0
       1
       0
       0
       1
       0
       1
       1
       1
       1
       0
       2
       2
       0
       0
       1
       0
       0
       1
       2
       0
       1
       1
       2
       1
       2
       1
       1
       0
       2
       0
       0
       1
       1
       0
       0
       2
       1
       1
       1
       0
       1
       0
       0
       0
       1
       1
       0
       2
       1
       0
       1
       3
       0
       0
       1
       0
       0
       0
       0
       0
       1
       0
       3
       4
       0
       1
       0
       1
       0
       1
       1
       1
       1
       0
       1
       0
       1
       0
       2
       2
       0
       0
       1
       2
       1
       2
       0
       2
       0
       0
       0
       0
       1
       1
       1
       0
       0
       0
       0
       0
       0
       1
       1
       0
       0
       0
       1
       0
       2
       0
       0
       1
       1
       0
       1
       1
       0
       1
       2
       0
       0
       0
       0
       1
       1
       0
       1
       0
       2
       0
       2
       1
       0
       1
       3
       0
       1
       2
       0
       0
       1
       1
       0
       1
       0
       2
       0
       0
       0
       0
       2
       1
       0
       3
       0
       0
       1
       0
       0
       1
       1
       0
       1
       0
       1
       0
       1
       1
       0
       0
       0
       4
       1
       0
       1
       0
       0
       1
       0
       1
       0
       0
       3
       1
       0
       2
       0
       0
       0
       3
       0
       1
       0
       0
       1
       0
       0
       0
       3
       2
       0
       2
       0
       1
       0
       0
       0
       0
       2
       0
       0
       0
       0
       3
       1
       0
       1
       0
       1
       1
       1
       0
       0
       1
       0
       0
       0
       1
       1
       3
       0
       0
       0
       0
       0
       1
       1
       0
       2
       1
       3
       1
       1
       0
       0
       2
       0
       0
       1
       1
       1
       1
       2
       2
       2
       2
       0
       2
       2
       1
       3
       3
       2
       3
       6
       6
       3
       5
       2
       3
       5
       6
      11
       9
       6
       8
       8
      14
      10
      13
      14
      14
      15
      28
      13
      28
      25
      26
      29
      35
      37
      37
      37
      34
      54
      70
      71
      80
      76
      80
      73
      66
      87
      98
     114
     129
     131
     145
     144
     176
     186
     192
     205
     260
     241
     256
     300
     271
     322
     349
     385
     379
     380
     436
     432
     499
     508
     525
     522
     615
     596
     644
     715
     695
     826
     789
     795
     844
     860
     871
     886
     996
    1006
    1077
    1077
    1093
    1110
    1163
    1193
    1161
    1281
    1268
    1326
    1276
    1338
    1309
    1441
    1442
    1464
    1517
    1469
    1543
    1439
    1504
    1537
    1535
    1558
    1533
    1623
    1529
    1560
    1648
    1577
    1571
    1581
    1601
    1653
    1586
    1538
    1567
    1622
    1545
    1505
    1546
    1516
    1482
    1503
    1454
    1453
    1402
    1443
    1454
    1342
    1317
    1294
    1309
    1241
    1250
    1196
    1238
    1216
    1152
    1131
    1128
    1085
    1103
    1033
    1014
    1042
     991
     982
     944
     928
     934
     881
     916
     889
     870
     855
     828
     835
     812
     773
     737
     690
     666
     679
     652
     623
     646
     645
     601
     639
     584
     612
     531
     525
     533
     524
     482
     472
     514
     500
     431
     418
     444
     425
     359
     397
     411
     353
     339
     364
     346
     357
     312
     337
     314
     300
     291
     295
     297
     286
     250
     249
     279
     265
     232
     241
     259
     237
     237
     203
     144
     215
     194
     186
     203
     165
     165
     167
     174
     171
     167
     186
     143
     147
     159
     152
     155
     122
     144
     134
     146
     133
     117
     110
     119
     109
     118
     111
      91
     105
      73
      98
      77
      80
      91
      77
      90
      77
      75
      80
      82
      71
      73
      76
      86
      66
      70
      63
      69
      55
      62
      63
      61
      49
      47
      66
      48
      50
      50
      60
      48
      50
      44
      49
      43
      38
      48
      40
      47
      43
      42
      41
      28
      43
      26
      26
      34
      36
      38
      30
      30
      29
      31
      18
      41
      41
      24
      36
      24
      30
      19
      28
      17
      25
      13
      21
      30
      22
      21
      27
      14
      19
      27
      19
      20
      18
      15
      13
      10
      13
      20
      20
      19
      12
      14
      16
      10
      10
      15
      21
      15
      13
      10
      16
      10
       9
       7
      17
       8
       5
      10
      14
       9
      14
       4
       3
      13
       5
      11
       8
      13
       7
       8
       4
      10
       5
       5
       7
      10
       5
       7
      12
       9
      12
       7
       4
      10
       5
      10
       4
       8
       6
       8
       4
       4
       7
       7
       8
       5
       4
       6
       3
       4
       5
       4
       5
       5
       2
       6
       5
       8
       3
       3
       4
       4
       8
       8
       4
       4
       5
       2
       3
       4
       1
       4
       6
       1
       4
       2
       3
       1
       2
       3
       2
       2
       1
       1
       3
       1
       7
       1
       2
       3
       6
       3
       3
       4
       6
       4
       1
       7
       4
       5
       5
       6
       2
       3
       2
       1
       7
       6
       6
       6
       6
       3
       2
       2
       0
       4
       1
       1
       2
       5
       2
       2
       0
       1
       2
       1
       3
       1
       3
       0
       3
       3
       0
       2
       3
       4
       1
       1
       1
       2
       0
       3
       2
       2
       2
       1
       1
       1
       0
       1
       4
       2
       2
       3
       3
       5
       2
       1
       0
       0
       2
       2
       3
       2
       2
       0
       1
       3
       2
       2
       0
       2
       2
       0
       3
       2
       1
       1
       2
       2
       1
       2
       0
       0
       0
       0
       1
       1
       3
       2
       0
       0
       1
       1
       0
       2
       1
       0
       1
       1
       1
       0
       0
       0
       2
       4
       3
       1
       1
       1
       1
       1
       2
       1
       0
       1
       0
       0
       4
       3
       2
       0
       1
       1
       2
       2
       0
       2
       0
       1
       0
       0
       0
       0
       2
       0
       1
       2
       2
       1
       1
       2
       0
       1
       0
       0
       1
       2
       1
       4
       1
       4
       0
       0
       2
       0
       3
       2
       2
       0
       1
       0
       0
       0
       0
       1
       1
       1
       1
       0
       1
       2
       3
       0
       0
       0
       1
       2
       1
       1
       2
       3
       1
       1
       2
       0
       1
       1
       1
       0
       2
       0
       1
       1
       1
       1
       4
       2
       1
       0
       1
       0
       2
       0
       1
       1
       2
       0
       1
       0
       2
       2
       2
       1
       2
       2
       1
       1
       1
       5
       1
       1
       1
       0
       1
       1
       1
       2
       0
       1
       2
       1
       4
       2
       1
       1
       0
       2
       1
       0
       0
       0
       3
       1
       0
       0
       1
       0
       2
       0
       0
       0
       0
       2
       1
       1
       0
       1
       0
       1
       0
       1
       0
       2
       2
       2
       1
       0
       0
       0
       1
       2
       0
       1
       1
       1
       1
       1
       0
       0
       1
       0
       0
       1
       1
       0
       0
       0
       0
       0
       1
       0
       2
       1
       0
       1
       0
       0
       0
       1
       1
       0
       1
       0
       2
       2
       1
       1
       2
       2
       0
       0
       0
       0
       1
       0
       1
       0
       1
       0
       1
       0
       0
       2
       0
       2
       0
       3
       1
       0
       0
       1
       0
       0
       0
       1
       0
       3
       0
       3
       0
       2
       0
       0
       0
       1
       0
       0
       0
       0
       0
       1
       0
       0
       0
       0
       0
       0
       2
       2
       0
       0
       0
       2
       4
       0
       2
       2
       0
       2
       1
       0
       1
       0
       0
       0
       0
       3
       0
       1
       2
       0
       0
       0
       0
       0
       2
       0
       0
       0
       0
       3
       0
       0
       0
       1
       0
       0
       2
       1
       1
       0
       1
       0
       1
       1
       1
       1
       1
       1
       1
       1
       2
       1
       0
       0
       0
       0
       4
       0
       1
       0
       0
       0
       1
       0
       0
       1
       0
       1
       1
       0
       0
       1
       2
       2
       0
       0
       0
       1
       1
       0
       0
       1
       0
       1
       0
       0
       1
       0
       2
       2
       1
       0
       1
       1
       0
       0
       0
       1
       0
       1
       0
       1
       1
       0
       2
       2
       0
       1
       1
       0
       1
       1
       0
       1
       1
       1
       1
       0
       0
       1
       1
       0
       0
       0
       2
       1
       1
       0
       0
       0
       0
       1
       0
       0
       0
       0
       3
       0
       0
       0
       1
       0
       2
       1
       1
       0
       2
       1
       1
       0
       1
       2
       1
       0
       1
       2
       0
       0
       0
       0
       1
       1
       0
       1
       0
       0
       0
       1
       0
       0
       2
       0
       2
       0
       0
       1
       1
       0
       0
       0
       1
       0
       3
       0
       0
       0
       0
       0
       0
       0
       0
       1
       1
       0
       1
       1
       1
       1
       0
       0
       2
       1
       0
       0
       0
       0
       0
       0
       2
       1
       0
       1
       1
       2
       0
       1
       3
       1
       0
       1
       0
       1
       0
       1
       0
       2
       0
       1
       0
       0
       1
       1
       0
       1
       0
       0
       1
       1
       0
       1
       0
       0
       0
       1
       0
       0
       2
       1
       0
       2
       1
       0
       2
       0
       2
       0
       0
       0
       1
       2
       1
       0
       1
       0
       3
       1
       0
       2
       1
       0
       1
       0
       1
       0
       1
       0
       0
       1
       1
       1
       0
       0
       2
       0
       0
       0
       1
       1
       0
       1
       0
       1
       1
       0
       1
       1
       1
       0
       0
       1
       1
       1
       0
       1
       0
       2
       0
       0
       0
       1
       1
       2
       0
       1
       0
       0
       0
       1
       1
       1
       0
       0
       0
       2
       1
       1
       0
       0
       0
       1
       1
       0
       0
       0
       1
       0
       1
       0
       0
       1
       2
       0
       0
       1
       1
       0
       0
       2
       0
       1
       0
       1
       1
       0
       1
       1
       0
       3
       3
       2
       0
       1
       0
       1
       1
       1
       2
       1
       1
       1
       1
       2
       1
       0
       0
       0
       0
       0
       0
       1
       0
       1
       0
       0
       1
       1
       1
       0
       0
       1
       1
       0
       2
       1
       1
       0
       0
       1
       1
       1
       1
       0
       1
       1
       1
       1
       0
       1
       1
       0
       1
       1
       2
       4
       1
       1
       0
       2
       0
       3
       0
       0
       0
       1
       0
       2
       0
       0
       0
       0
       0
       1
       0
       0
       1
       0
       0
       0
       0
       0
       0
       0
       1
       1
       1
       0
       0
       1
       0
       0
       2
       1
       2
       2
       1
       2
       1
       1
       0
       0
       0
       0
       1
       2
       1
       0
       1
       0
       1
       0
       0
       1
       0
       0
       1
       0
       1
       0
       0
       1
       1
       1
       0
       0
       1
       1
       0
       0
       0
       0
       2
       1
       0
       0
       2
       1
       0
       1
       0
       0
       1
       1
       1
       0
       1
       0
       2
       1
       1
       1
       1
       1
       0
       0
       2
       0
       1
       1
       0
       1
       0
       1
       1
       0
       1
       0
       1
       1
       0
       0
       0
       0
       1
       1
       0
       0
       0
       1
       1
       0
       1
       0
       1
       1
       0
       0
       0
       0
       1
       0
       2
       2
       1
       1
       0
       1
       0
       0
       0
       2
       0
       1
       1
       0
       1
       1
       0
       1
       1
       1
       0
       1
       1
       0
       0
       0
       0
       2
       1
       1
       1
       2
       1
       2
       0
       0
       1
       0
       0
       0
       0
       0
       2
       0
       3
       0
       1
       0
       2
       0
       2
       0
       0
       2
       1
       0
       0
       2
       0
       0
       2
       0
       0
       0
       1
       0
       0
       1
       0
       0
       2
       1
       0
       1
       0
       1
       0
       1
       0
       0
       1
       0
       0
       1
       0
       0
       1
       0
       0
       1
       0
       0
       1
       1
       1
       0
       0
       1
       2
       0
       0
       1
       2
       1
       0
       0
       2
       0
       0
       0
       1
       0
       3
       0
       0
       0
       0
       2
       0
       1
       1
       0
       0
       1
       1
       0
       1
       3
       0
       1
       0
       0
       0
       0
       0
       2
       0
       0
       0
       0
       1
       1
       1
       0
       0
       1
       0
       0
       0
       0
       1
       0
       0
       2
       0
       0
       1
       0
       0
       0
       1
       0
       2
       0
       1
       1
       1
       2
       1
       0
       1
       0
       0
       2
       1
       0
       0
       0
       1
       0
       0
       0
       0
       1
       0
       0
       1
       0
       0
       0
       1
       0
       1
       0
       0
       0
       0
       0
       0
       2
       1
       1
       0
       0
       0
       1
       0
       0
       1
       1
       1
       1
       1
       0
       0
       2
       0
       1
       0
       1
       0
       0
       0
       0
       0
       1
       1
       0
       0
       1
       1
       1
       1
       0
       0
       1
       2
       1
       0
       2
       0
       0
       2
       0
       0
       0
       2
       0
       0
       2
       1
       1
       0
       0
       0
       2
       0
       2
       0
       1
       0
       0
       0
       0
       1
       2
       0
       1
       1
       4
       0
       0
       1
       1
       1
       1
       2
       1
       0
       1
       0
       1
       1
       0
       0
       0
       1
       1
       1
       0
       0
       0
       1
       0
       0
       1
       2
       0
       0
       0
       0
       1
       0
       0
       2
       0
       0
       1
       1
       1
       0
       1
       0
       0
       0
       0
       0
       1
       0
       2
       0
       0
       1
       2
       1
       0
       0
       0
       1
       0
       1
       0
       1
       0
       0
       1
       0
       0
       0
       0
       1
       0
       0
       0
       0
       0
       2
       0
       1
       1
       0
       0
       0
       0
       1
       1
       0
       2
       1
       1
       2
       1
       0
       0
       1
       1
       1
       0
       2
       1
       0
       0
       0
       0
       0
       0
       1
       1
       0
       1
       0
       0
       0
       2
       1
       0
       0
       1
       1
       1
       0
       0
       1
       0
       0
       2
       1
       0
       1
       1
       0
       2
       1
       0
       1
       1
       1
       1
       0
       1
       2
       2
       1
       0
       0
       0
       2
       1
       1
       0
       0
       0
       0
       0
       1
       2
       2
       2
       2
       2
       0
       1
       1
       1
       0
       0
       3
       1
       0
       0
       0
       1
       1
       1
       1
       0
       0
       0
       0
       0
       1
       1
       0
       0
       0
       0
       0
       0
       0
       0
       0
       1
       0
       0
       0
       1
       1
       0
       1
       2
       0
       0
       0
       0
       0
       0
       0
       0
       0
       1
       1
       0
       0
       0
       0
       0
       2
       1
       0
       1
       1
       0
       0
       0
       0
       0
       0
       0
       0
       0
       1
       1
       0
       0
       0
       0
       0
       0
       0
       0
       0
       2
       2
       3
       0
       0
       1
       0
       1
       0
       0
       0
       2
       1
       1
       0
       2
       1
       1
       1
       1
       0
       0
       1
       1
       0
       0
       1
       0
       1
       0
       1
       0
       0
       2
       1
       0
       0
       0
       2
       1
       0
       1
       0
       0
       2
       0
       0
       1
       2
       0
       0
       0
       1
       1
       1
       0
       1
       0
       1
       0
       0
       2
       0
       1
       0
       1
       0
       1
       0
       0
       1
       1
       0
       0
       0
       0
       1
       0
       0
       1
       0
       0
       0
       0
       0
       1
       3
       0
       0
       0
       1
       0
       2
       0
       1
       3
       1
       1
       1
       2
       2
       0
       0
       0
       0
       1
       1
       0
       0
       1
       1
       0
       1
       1
       1
       2
       0
       1
       0
       1
       0
       0
       0
       0
       0
       1
       0
       1
       0
       0
       0
       1
       2
       0
       0
       1
       0
       1
       0
       0
       2
       0
       1
       0
       0
       0
       0
       1
       1
       0
       0
       0
       0
       0
       0
       0
       2
       0
       0
       1
       2
       0
       0
       0
       0
       1
       0
       3
       2
       0
       1
       0
       2
       0
       0
       0
       0
       1
       0
       1
       0
       0
       0
       0
       1
       0
       0
       1
       1
       0
       1
       1
       0
       4
       0
       0
       0
       0
       2
       0
       0
       2
       0
       0
       2
       4
       0
       1
       0
       0
       0
       1
       1
       0
       1
       1
       0
       1
       0
       1
       0
       0
       5
       0
       0
       0
       1
       3
       0
       0
       0
       0
       0
       2
       1
       0
       1
       0
       0
       1
       3
       0
       0
       1
       0
       0
       0
       0
       0
       0
       0
       1
       0
       0
       0
       0
       0
       0
       0
       0
       0
       1
       0
       2
       0
       0
       1
       0
       2
       1
       1
       0
       0
       0
       0
       0
       1
       1
       0
       1
       1
       0
       1
       0
       1
       1
       0
       1
       0
       1
       1
       1
       1
       1
       0
       0
       0
       1
       0
       0
       1
       1
       0
       0
       0
       3
       1
       0
       2
       2
       0
       0
       1
       0
       2
       1
       0
       1
       0
       4
       0
       1
       0
       1
       0
       2
       3
       1
       0
       0
       0
       0
       0
       2
       1
       1
       2
       1
       0
       2
       1
       0
       0
       0
       2
       0
       0
       2
       1
       1
       3
       0
       1
       1
       0
       0
       1
       0
       1
       0
       0
       0
       0
       1
       0
       2
       0
       1
       0
       0
       0
       1
       0
       1
       1
       1
       1
       2
       0
       1
       1
       0
       1
       0
       2
       1
       0
       1
       3
       0
       0
       0
       2
       1
       1
       2
       0
       3
       0
       0
       0
       0
       0
       0
       2
       1
       0
       0
       0
       2
       0
       1
       0
       1
       0
       2
       1
       0
       0
       0
       0
       0
       0
       1
       0
       1
       0
       0
       0
       1
       4
       0
       0
       0
       1
       0
       1
       1
       0
       2
       0
       0
       0
       0
       1
       1
       0
       0
       0
       2
       1
       0
       0
       1
       1
       0
       2
       2
       0
       1
       2
       0
       1
       0
       0
       0
       1
       0
       1
       2
       1
       0
       2
       0
       2
       1
       1
       2
       0
       0
       2
       0
       0
       1
       1
       0
       1
       1
       1
       0
       0
       1
       0
       2
       0
       0
       0
       1
       0
       2
       1
       1
       0
       0
       2
       1
       1
       1
       0
       1
       2
       1
       2
       1
       1
       1
       1
       1
       1
       2
       0
       0
       0
       2
       1
       0
       1
       0
       0
       0
       0
       2
       1
       0
       2
       1
       1
       0
       1
       1
       1
       1
       0
       3
       0
       1
       2
       1
       0
       0
       0
       0
       0
       1
       1
       0
       0
       0
       3
       0
       0
       1
       0
       1
       0
       1
       0
       0
       0
       2
       1
       0
       1
       0
       1
       2
       1
       0
       0
       0
       1
       0
       2
       3
       0
       1
       1
       0
       1
       1
       0
       1
       2
       1
       1
       1
       1
       1
       0
       1
       1
       0
       0
       2
       1
       1
       1
       1
       0
       1
       1
       0
       0
       0
       2
       1
       1
       0
       0
       1
       1
       0
       0
       0
       1
       1
       0
       2
       0
       1
       0
       0
       0
       1
       1
       0
       0
       1
       1
       1
       0
       2
       0
       1
       0
       0
       1
       0
       0
       0
       0
       0
       0
       0
       1
       0
       2
       1
       0
       0
       0
       1
       1
       1
       3
       1
       0
       1
       1
       1
       0
       0
       0
       1
       5
       0
       1
       1
       1
       0
       0
       0
       2
       0
       0
       0
       2
       0
       0
       1
       0
       0
       0
       0
       0
       1
       2
       0
       0
       1
       0
       0
       1
       1
       0
       0
       0
       0
       0
       0
       1
       1
       1
       0
       0
       0
       0
       0
       0
       0
       1
       0
       1
       2
       0
       1
       0
       0
       0
       0
       0
       1
       1
       1
       1
       0
       0
       0
       0
       0
       1
       0
       0
       0
       2
       0
       0
       0
       0
       0
       0
       3
       1
       1
       1
       0
       0
       0
       1
       1
       0
       0
       0
       2
       0
       1
       1
       0
       0
       0
       1
       0
       0
       1
       1
       0
       0
       0
       0
       0
       0
       1
       0
       1
       0
       0
       0
       0
       0
       1
       0
       0
       0
       2
       0
       0
       1
       0
       0
       0
       0
       1
       1
       0
       2
       0
       1
       0
       1
       1
       0
       0
       0
       1
       0
       0
       1
       0
       0
       0
       0
       0
       0
       1
       0
       2
       1
       0
       0
       1
       1
       0
       2
       0
       0
       0
       1
       0
       1
       2
       0
       0
       0
       1
       0
       0
       1
       1
       0
       0
       0
       0
       2
       0
       2
       0
       1
       2
       0
       1
       1
       1
       1
       0
       0
       1
       1
       1
       0
       2
       1
       2
       1
       0
       0
       1
       1
       0
       0
       1
       0
       0
       1
       2
       0
       1
       0
       0
       0
       0
       1
       2
       0
       0
       0
       0
       1
       0
       0
       0
       0
       1
       0
       0
       0
       1
       1
       1
       0
       1
       0
       1
       1
       0
       1
       0
       1
       1
       0
       3
       1
       0
       0
       0
       0
       0
       0
       0
       1
       0
       0
       0
       0
       2
       0
       1
       2
       0
       0
       0
       1
       1
       1
       1
       1
       0
       2
       1
       0
       0
       0
       1
       2
       0
       1
       1
       1
       0
       1
       1
       0
       1
       2
       0
       1
       0
       1
       1
       0
       0
       0
       0
       2
       0
       0
       0
       1
       0
       0
       0
       0
       0
       2
       2
       0
       1
       1
       2
       0
       0
       0
       1
       1
       1
       1
       0
       1
       0
       1
       0
       2
       0
       0
       1
       0
       0
       2
       0
       0
       0
       1
       1
       0
       1
       0
       0
       1
       1
       1
       1
       0
       1
       1
       1
       0
       2
       1
       0
       2
       0
       1
       1
       1
       0
       0
       2
       0
       1
       0
       0
       0
       0
       0
       2
       3
       1
       0
       0
       0
       0
       1
       0
       1
       0
       0
       1
       1
       2
       0
       0
       0
       1
       0
       0
       1
       0
       1
       1
       3
       0
       0
       0
       0
       0
       0
       1
       0
       0
       0
       0
       0
       0
       0
       0
       0
       0
       1
       1
       0
       0
       1
       0
       1
       2
       0
       0
       3
       0
       2
       3
       0
       0
       0
       0
       0
       0
       0
       1
       1
       0
       1
       1
       1
       0
       0
       0
       3
       0
       0
       0
       2
       0
       3
       1
       0
       0
       0
       0
       0
       1
       0
       0
       0
       1
       2
       1
       0
       0
       1
       2
       0
       0
       0
       0
       0
       0
       0
       0
       3
       0
       0
       0
       0
       1
       2
       0
       0
       1
       1
       1
       2
       2
       1
       1
       1
       0
       0
       0
       0
       2
       1
       1
       0
       0
       0
       1
       0
       1
       0
       0
       2
       0
       0
       0
       0
       0
       0
       0
       1
       0
       0
       0
       1
       1
       1
       0
       1
       0
       0
       1
       1
       1
       0
       0
       2
       0
       1
       2
       0
       0
       0
       1
       0
       0
       1
       0
       0
       0
       1
       2
       0
       0
       0
       1
       0
       1
       0
       0
       1
       0
       0
       2
       2
       0
       1
       1
       1
       0
       0
       0
       0
       1
       2
       0
       0
       1
       0
       2
       0
       2
       2
       0
       1
       2
       3
       0
       2
       3
       2
       0
       2
       1
       1
       0
       3
       0
       2
       1
       0
       0
       0
       0
       1
       1
       0
       0
       0
       0
       1
       0
       1
       0
       1
       0
       1
       0
       1
       0
       0
       0
       1
       0
       0
       0
       1
       1
       0
       0
       0
       0
       0
       0
       1
       2
       0
       1
       5
       0
       0
       2
       1
       2
       0
       2
       0
       0
       0
       1
       1
       3
       1
       1
       3
       1
       0
       0
       2
       1
       0
       0
       1
       0
       1
       1
       0
       0
       0
       0
       0
       0
       0
       1
       0
       1
       0
       1
       1
       2
       1
       2
       1
       1
       0
       2
       0
       2
       0
       0
       2
       0
       0
       0
       0
       0
       1
       0
       1
       0
       0
       1
       0
       0
       1
       0
       0
       0
       1
       0
       0
       0
       1
       1
       0
       0
       0
       2
       1
       0
       0
       1
       0
       1
       0
       0
       0
       1
       0
       0
       0
       1
       2
       0
       0
       0
       0
       0
       0
       1
       0
       1
       0
       1
       0
       0
       0
       1
       0
       1
       1
       1
       1
       0
       0
       0
       0
       1
       0
       0
       0
       1
       0
       1
       1
       1
       0
       1
       0
       0
       0
       0
       0
       2
       0
       0
       0
       1
       0
       0
       1
       2
       2
       1
       1
       0
       1
       2
       0
       2
       0
       0
       1
       1
       0
       0
       0
       0
       0
       1
       0
       1
       1
       0
       2
       0
       0
       0
       1
       1
       0
       2
       0
       0
       0
       0
       0
       1
       0
       1
       1
       0
       0
       0
       0
       0
       1
       0
       1
       0
       1
       0
       1
       0
       1
       0
       0
       0
       1
       1
       2
       0
       1
       0
       1
       0
       1
       0
       2
       0
       0
       0
       3
       1
       0
       0
       0
       2
       0
       3
       1
       1
       1
       1
       0
       1
       0
       1
       3
       1
       0
       0
       0
       1
       0
       1
       1
       1
       1
       0
       0
       0
       1
       0
       0
       1
       2
       0
       0
       0
       0
       0
       0
       1
       1
       0
       1
       1
       1
       0
       1
       0
       1
       1
       1
       2
       0
       1
       0
       0
       1
       1
       0
       0
       1
       0
       1
       0
       0
       1
       1
       0
       0
       0
       0
       0
       1
       0
       0
       0
       1
       1
       0
       0
       0
       1
       0
       1
       1
       1
       1
       0
       2
       0
       1
       0
       0
       1
       0
       0
       0
       2
       0
       0
       0
       0
       1
       1
       1
       1
       0
       1
       0
       1
       1
       0
       0
       0
       0
       0
       1
       1
       0
       2
       0
       0
       0
       0
       1
       2
       1
       0
       0
       0
       0
       2
       0
       1
       1
       1
       0
       1
       0
       1
       0
       1
       0
       0
       2
       1
       0
       0
       1
       0
       0
       0
       1
       0
       0
       1
       0
       0
       0
       1
       0
       1
       2
       0
       1
       0
       1
       1
       0
       0
       3
       0
       0
       2
       2
       0
       1
       0
       0
       0
       0
       1
       0
       2
       1
       1
       1
       1
       0
       2
       3
       1
       1
       0
       0
       0
       1
       0
       1
       0
       1
       0
       2
       0
       0
       1
       0
       1
       0
       2
       1
       0
       1
       1
       1
       2
       0
       1
       0
       0
       0
       0
       3
       1
       1
       0
       0
       3
       0
       0
       1
       0
       0
       1
       0
       0
       1
       3
       1
       1
       2
       0
       0
       2
       3
       0
       0
       1
       1
       0
       1
       1
       1
       1
       0
       0
       0
       2
       0
       1
       0
       1
       1
       0
       1
       0
       0
       4
       0
       0
       0
       0
       0
       1
       0
       1
       0
       0
       0
       5
       2
       0
       1
       0
       0
       0
       0
       0
       0
       0
       0
       0
       0
       0
       2
       0
       1
       0
       0
       0
       0
       0
       0
       1
       1
       1
       0
       0
       1
       0
       2
       1
       1
       0
       0
       1
       2
       0
       2
       0
       1
       0
       1
       0
       2
       1
       1
       0
       0
       0
       1
       0
       0
       0
       1
       0
       0
       0
       1
       1
       0
       1
       0
       2
       0
       0
       1
       0
       1
       2
       0
       1
       0
       0
       2
       1
       0
       0
       0
       0
       0
       0
       0
       1
       1
       0
       1
       0
       0
       1
       1
       3
       0
       1
       0
       0
       1
       1
       0
       0
       0
       0
       0
       0
       0
       0
       0
       2
       0
       0
       0
       1
       1
       0
       1
       1
       0
       1
       1
       1
       0
       0
       0
       1
       0
       1
       1
       1
       0
       0
       1
       0
       1
       0
       3
       1
       0
       1
       0
       0
       1
       2
       0
       0
       0
       0
       0
       0
       2
       1
       2
       0
       0
       0
       1
       2
       0
       1
       0
       0
       0
       0
       0
       0
       0
       0
       2
       1
       1
       0
       0
       0
       0
       1
       1
       2
       1
       1
       0
       1
       1
       0
       1
       0
       0
       1
       1
       0
       0
       0
       0
       0
       0
       0
       1
       0
       0
       0
       0
       2
       1
       1
       0
       1
       0
       2
       1
       1
       0
       0
       1
       0
       0
       3
       1
       0
       0
       1
       1
       0
       1
       2
       1
       1
       0
       1
       1
       0
       1
       1
       2
       0
       0
       1
       1
       1
       0
       0
       0
       1
       1
       2
       0
       1
       0
       0
       0
       0
       0
       0
       0
       0
       1
       0
       0
       2
       2
       0
       0
       1
       2
       1
       0
       0
       1
       0
       1
       0
       1
       1
       1
       0
       1
       0
       0
       0
       4
       2
       2
       0
       0
       0
       0
       1
       1
       1
       1
       3
       0
       0
       1
       0
       1
       1
       1
       0
       0
       0
       0
       0
       1
       0
       1
       1
       0
       0
       2
       0
       3
       0
       1
       0
       2
       0
       0
       0
       0
       1
       0
       2
       2
       2
       0
       0
       2
       0
       0
       1
       0
       1
       0
       0
       3
       0
       0
       1
       2
       0
       0
       1
       1
       0
       1
       0
       0
       0
       1
       0
       0
       1
       0
       0
       0
       0
       1
       1
       0
       1
       1
       1
       1
       1
       1
       0
       1
       2
       1
       0
       0
       0
       0
       1
       2
       1
       0
       1
       0
       0
       0
       0
       1
       0
       0
       0
       0
       0
       0
       2
       0
       0
       1
       3
       1
       0
       1
       0
       0
       0
       1
       0
       2
       0
       1
       1
       0
       0
       1
       0
       0
       0
       0
       2
       0
       1
       1
       0
       2
       0
       0
       0
       1
       1
       0
       0
       1
       0
       0
       0
       0
       0
       1
       0
       0
       1
       0
       0
       0
       0
       1
       1
       1
       0
       3
       1
       0
       0
       0
       1
       0
       0
       1
       0
       1
       1
       1
       0
       1
       0
       0
       0
       1
       0
       0
       0
       3
       0
       0
       0
       1
       1
       1
       1
       0
       1
       0
       0
       0
       0
       1
       2
       0
       0
       0
       0
       4
       0
       2
       1
       0
       1
       3
       2
       0
       1
       1
       0
       0
       0
       0
       0
       1
       0
       1
       0
       0
       2
       0
       1
       0
       0
       0
       1
       1
       0
       0
       1
       1
       0
       1
       1
       1
       0
       1
       1
       0
       0
       0
       1
       1
       0
       0
       2
       0
       0
       0
       3
       1
       0
       0
       0
       1
       0
       1
       0
       1
       0
       2
       0
       0
       0
       0
       0
       3
       0
       1
       0
       1
       0
       1
       0
       1
       0
       0
       1
       2
       1
       0
       3
       0
       0
       1
       0
       1
       1
       0
       0
       0
       0
       0
       0
       0
       1
       1
       2
       1
       1
       0
       0
       0
       2
       0
       1
       0
       1
       0
       1
       0
       0
       0
       2
       1
       2
       2
       2
       0
       0
       0
       0
       2
       0
       0
       0
       0
       2
       0
       2
       0
       0
       2
       1
       1
       1
       0
       1
       1
       0
       2
       0
       1
       0
       0
       0
       0
       0
       0
       1
       1
       2
       0
       2
       0
       0
       2
       0
       3
       0
       0
       1
       1
       0
       0
       1
       1
       0
       0
       4
       1
       0
       0
       0
       2
       0
       0
       0
       0
       0
       0
       0
       2
       0
       1
       0
       0
       1
       2
       0
       0
       1
       2
       2
       1
       1
       0
       1
       0
       0
       1
       0
       0
       1
       1
       0
       0
       0
       0
       1
       0
       1
       2
       0
       2
       2
       0
       0
       1
       0
       1
       0
       1
       1
       1
       1
       1
       2
       1
       0
       2
       1
       0
       0
       1
       0
       0
       1
       2
       0
       0
       0
       1
       0
       2
       0
       2
       1
       0
       1
       1
       2
       0
       0
       2
       0
       0
       1
       1
       0
       1
       1
       1
       0
       0
       2
       1
       0
       1
       0
       1
       0
       1
       0
       0
       0
       0
       0
       1
       0
       0
       0
       1
       0
       0
       0
       1
       0
       0
       0
       0
       1
       0
       0
       0
       1
       2
       1
       2
       2
       0
       0
       1
       1
       1
       0
       2
       0
       2
       2
       0
       1
       0
       0
       1
       2
       0
       0
       3
       0
       0
       0
       2
       1
       0
       0
       1
       1
       0
       0
       0
       0
       2
       0
       0
       0
       0
       1
       1
       0
       0
       0
       0
       0
       2
       0
       1
       2
       1
       1
       1
       0
       0
       0
       2
       0
       1
       0
       1
       1
       2
       1
       1
       0
       1
       1
       0
       0
       0
       1
       0
       0
       2
       0
       2
       2
       0
       0
       0
       0
       0
       1
       0
       0
       1
       1
       0
       1
       1
       0
       2
       1
       2
       0
       0
       2
       0
       0
       0
       0
       1
       1
       1
       1
       0
       0
       1
       2
       0
       1
       0
       0
       1
       0
       0
       0
       0
       2
       0
       1
       0
       1
       2
       0
       1
       1
       1
       0
       0
       0
       1
       0
       0
       1
       1
       1
       0
       2
       0
       0
       0
       0
       0
       2
       1
       1
       2
       3
       0
       0
       0
       0
       2
       2
       0
       0
       0
       0
       1
       0
       0
       0
       0
       0
       1
       0
       0
       1
       1
       1
       1
       3
       0
       0
       1
       0
       0
       2
       0
       0
       0
       1
       1
       1
       1
       0
       1
       0
       0
       0
       1
       2
       3
       1
       0
       0
       0
       0
       1
       0
       2
       0
       0
       3
       0
       1
       0
       0
       0
       0
       0
       0
       1
       0
       0
       3
       1
       0
       0
       1
       0
       0
       1
       0
       0
       0
       1
       1
       2
       0
       1
       0
       0
       1
       1
       0
       1
       0
       0
       0
       2
       0
       0
       1
       1
       0
       0
       0
       0
       0
       0
       0
       1
       0
       0
       0
       1
       4
       2
       1
       0
       1
       0
       1
       1
       0
       1
       1
       0
       0
       1
       0
       1
       0
       0
       0
       2
       0
       0
       1
       1
       0
       0
       1
       1
       1
       0
       0
       0
       1
       0
       1
       2
       2
       0
       1
       0
       0
       0
       1
       0
       1
       0
       0
       0
       1
       1
       0
       0
       2
       0
       1
       0
       0
       1
       0
       1
       1
       0
       0
       1
       1
       0
       1
       0
       0
       0
       0
       2
       0
       0
       0
       1
       2
       1
       1
       1
       0
       0
       3
       0
       0
       0
       0
       1
       0
       0
       0
       0
       1
       0
       0
       1
       0
       0
       1
       1
       0
       2
       0
       1
       1
       1
       2
       0
       1
       0
       1
       1
       0
       0
       0
       0
       3
       0
       1
       0
       1
       1
       0
       1
       0
       1
       1
       1
       1
       1
       1
       0
       0
       0
       1
       1
       0
       0
       0
       1
       0
       0
       1
       1
       0
       0
       0
       0
       2
       0
       0
       2
       0
       0
       1
       0
       0
       0
       0
       0
       0
       0
       0
       0
       1
       0
       0
       0
       0
       0
       1
       2
       0
       0
       1
       0
       1
       0
       2
       2
       0
       0
       0
       0
       1
       1
       0
       1
       0
       0
       0
       0
       0
       0
       1
       1
       1
       0
       2
       1
       0
       0
       1
       0
       3
       0
       2
       1
       1
       4
       0
       1
       1
       0
       1
       0
       0
       0
       0
       0
       0
       1
       2
       1
       1
       1
       1
       0
       0
       1
       0
       0
       2
       1
       0
       1
       0
       1
       0
       0
       0
       1
       0
       0
       1
       1
       0
       1
       2
       0
       0
       0
       0
       0
       0
       0
       0
       1
       1
       2
       0
       2
       0
       0
       0
       1
       0
       1
       0
       1
       0
       2
       0
       1
       4
       0
       0
       0
       0
       2
       1
       0
       0
       0
       3
       1
       0
       0
       0
       0
       2
       1
       1
       1
       2
       1
       1
       1
       0
       1
       1
       1
       0
       0
       1
       2
       0
       1
       2
       0
       1
       4
       0
       0
       2
       0
       0
       0
       1
       0
       1
       0
       1
       1
       0
       0
       0
       1
       0
       0
       0
       0
       0
       0
       1
       0
       0
       0
       0
       0
       1
       1
       1
       1
       1
       1
       1
       1
       0
       0
       0
       1
       0
       0
       0
       0
       1
       0
       1
       1
       1
       2
       0
       1
       0
       3
       0
       0
       0
       1
       2
       0
       0
       3
       1
       0
       0
       0
       0
       2
       1
       1
       0
       0
       1
       2
       0
       0
       0
       2
       0
       0
       0
       1
       1
       0
       1
       0
       0
       1
       0
       0
       0
       0
       1
       1
       2
       0
       1
       0
       0
       1
       1
       0
       1
       1
       1
       0
       1
       1
       0
       1
       0
       1
       0
       2
       0
       0
       1
       0
       0
       2
       0
       2
       0
       1
       0
       0
       0
       1
       2
       1
       1
       0
       0
       1
       0
       1
       1
       0
       0
       2
       1
       0
       1
       1
       0
       0
       1
       1
       0
       1
       0
       0
       1
       0
       0
       1
       0
       0
       2
       0
       0
       0
       0
       0
       1
       0
       1
       0
       2
       0
       0
       0
       1
       3
       0
       0
       0
       0
       0
       1
       0
       1
       0
       1
       0
       2
       0
       0
       1
       1
       0
       1
       0
       2
       0
       1
       0
       0
       2
       3
       1
       1
       0
       0
       0
       1
       0
       0
       1
       2
       0
       0
       0
       2
       1
       0
       0
       1
       0
       0
       0
       1
       0
       0
       1
       4
       0
       2
       0
       0
       0
       1
       1
       1
       2
       0
       1
       0
       0
       0
       2
       1
       0
       1
       1
       0
       2
       0
       2
       0
       0
       2
       1
       2
       2
       1
       0
       0
       0
       1
       1
       0
       0
       0
       1
       0
       0
       0
       0
       0
       0
       1
       1
       1
       0
       0
       0
       0
       0
       1
       0
       0
       1
       1
       1
       1
       0
       4
       1
       0
       0
       1
       1
       1
       0
       0
       0
       1
       0
       1
       3
       1
       0
       1
       1
       0
       0
       0
       1
       1
       0
       0
       2
       0
       2
       2
       1
       0
       0
       1
       1
       0
       0
       2
       0
       0
       0
       0
       1
       1
       1
       1
       0
       0
       0
       0
       0
       1
       2
       0
       1
       1
       1
       0
       1
       1
       2
       1
       1
       2
       2
       3
       0
       2
       0
       0
       1
       2
       1
       1
       0
       1
       1
       2
       0
       0
       1
       1
       0
       1
       1
       2
       0
       0
       0
       2
       0
       0
       1
       1
       0
       0
       0
       0
       0
       3
       1
       0
       1
       0
       1
       1
       0
       1
       0
       1
       1
       0
       0
       0
       1
       0
       1
       2
       0
       0
       2
       0
       0
       1
       1
       0
       0
       1
       2
       1
       0
       1
       1
       1
       2
       1
       0
       0
       0
       1
       0
       3
       0
       0
       1
       0
       0
       0
       2
       0
       0
       0
       0
       1
       0
       3
       0
       0
       1
       1
       0
       2
       0
       1
       1
       1
       0
       0
       0
       1
       1
       1
       0
       0
       0
       1
       2
       1
       1
       0
       1
       0
       1
       0
       0
       1
       0
       0
       0
       0
       1
       1
       1
       0
       1
       0
       1
       0
       2
       1
       1
       2
       0
       0
       1
       1
       0
       0
       1
       0
       0
       0
       0
       1
       0
       0
       1
       1
       0
       0
       2
       0
       0
       1
       3
       0
       0
       0
       0
       0
       0
       0
       0
       1
       1
       0
       0
       2
       0
       0
       1
       0
       1
       0
       0
       0
       0
       0
       0
       1
       2
       0
       0
       1
       2
       1
       2
       3
       0
       0
       0
       1
       1
       0
       1
       0
       0
       2
       0
       1
       0
       0
       1
       1
       0
       1
       2
       0
       0
       0
       2
       0
       1
       0
       0
       0
       1
       1
       2
       0
       1
       0
       0
       1
       0
       0
       0
       1
       0
       2
       2
       0
       0
       2
       0
       0
       2
       0
       1
       2
       1
       1
       1
       1
       0
       2
       3
       0
       1
       1
       1
       1
       2
       1
       0
       2
       1
       0
       1
       2
       0
       0
       0
       1
       1
       1
       0
       2
       2
       3
       1
       0
       0
       0
       0
       1
       0
       0
       0
       0
       0
       0
       0
       1
       2
       1
       0
       1
       1
       2
       0
       0
       1
       0
       0
       1
       0
       0
       0
       1
       0
       1
       1
       1
       1
       1
       0
       0
       1
       0
       0
       1
       1
       0
       1
       1
       2
       0
       1
       0
       1
       1
       1
       2
       1
       0
       0
       2
       1
       1
       0
       4
       1
       1
       0
       3
       1
       2
       3
       2
       0
       0
       0
       1
       1
       0
       0
       1
       0
       0
       0
       0
       0
       0
       0
       2
       0
       0
       0
       0
       0
       1
       0
       2
       2
       1
       1
       1
       1
       1
       0
       0
       0
       2
       1
       1
       2
       1
       2
       0
       1
       0
       1
       2
       0
       0
       0
       0
       1
       0
       1
       0
       0
       1
       0
       0
       1
       0
       0
       1
       1
       1
       0
       1
       0
       0
       2
       0
       0
       0
       0
       1
       0
       1
       0
       1
       1
       0
       0
       0
       1
       0
       0
       1
       0
       0
       1
       2
       0
       0
       0
       1
       1
       1
       1
       0
       0
       1
       0
       1
       2
       1
       1
       0
       0
       1
       1
       1
       1
       0
       3
       0
       0
       1
       1
       0
       0
       1
       0
       1
       0
       1
       2
       0
       0
       0
       0
       0
       1
       0
       0
       0
       1
       0
       1
       0
       0
       0
       2
       0
       2
       0
       2
       0
       0
       1
       0
       0
       0
       0
       1
       1
       1
       0
       0
       0
       0
       0
       2
       0
       0
       1
       0
       2
       1
       1
       1
       0
       2
       0
       1
       1
       0
       1
       1
       0
       1
       0
       3
       0
       0
       1
       2
       1
       2
       0
       3
       0
       1
       0
       0
       1
       0
       0
       1
       0
       1
       1
       1
       1
       0
       0
       0
       2
       0
       1
       0
       3
       1
       2
       1
       0
       0
       2
       2
       0
       0
       0
       2
       1
       2
       0
       3
       0
       0
       1
       0
       1
       0
       2
       0
       2
       0
       0
       2
       0
       0
       1
       1
       1
       1
       1
       1
       0
       1
       1
       0
       1
       0
       2
       1
       2
       1
       0
       0
       0
       1
       1
       1
       0
       0
       0
       0
       1
       0
       0
       1
       1
       1
       0
       0
       0
       0
       0
       1
       0
       0
       2
       2
       0
       1
       2
       0
       1
       0
       0
       0
       0
       3
       1
       0
       0
       1
       1
       0
       0
       1
       0
       3
       0
       1
       2
       2
       0
       0
       0
       0
       1
       0
       3
       1
       1
       0
       1
       0
       1
       1
       0
       1
       2
       1
       0
       0
       0
       2
       0
       1
       1
       0
       1
       1
       1
       0
       0
       1
       3
       0
       1
       2
       1
       0
       2
       1
       1
       1
       1
       0
       0
       2
       1
       2
       0
       1
       1
       3
       0
       2
       2
       2
       1
       0
       2
       2
       1
       2
       0
       1
       1
       1
       1
       0
       1
       0
       1
       1
       0
       0
       0
       1
       0
       0
       0
       2
       2
       0
       0
       1
       0
       3
       0
       1
       2
       0
       3
       0
       2
       0
       0
       2
       2
       4
       0
       2
       0
       0
       3
       1
       0
       0
       0
       1
       0
       1
       0
       2
       1
       0
       1
       0
       1
       0
       2
       0
       1
       2
       0
       0
       0
       0
       0
       0
       0
       0
       1
       1
       1
       0
       1
       1
       0
       1
       0
       0
       3
       1
       0
       0
       0
       0
       0
       1
       0
       0
       0
       0
       0
       1
       0
       0
       1
       0
       0
       1
       0
       0
       0
       0
       0
       0
       0
       0
       0
       0
       0
       0
       1
       1
       1
       1
       0
       0
       0
       1
       1
       0
       0
       0
       0
       0
       0
       0
       0
       0
       0
       0
       0
       0
       0
       0
       0
       1
       0
       1
       0
       0
       0
       0
       0
       0
       0
       0
       0
       0
       0
       0
       0
       0
       0
       0
$ROI:
1
1943 2495
$PRESETS:
Live Time
14400
0
$ENER_FIT:
0.000000 0.000000
$MCA_CAL:
3
0.000000E+000 0.000000E+000 0.000000E+000 
$SHAPE_CAL:
3
0.000000E+000 0.000000E+000 0.000000E+000
