
$SPEC_ID:
No sample description was entered.
$SPEC_REM:
DET# 1
DETDESC# MAESTROPC MCB 337
AP# Maestro Version 6.08
$DATE_MEA:
04/05/2016 18:50:09
$MEAS_TIM:
14400 14422
$DATA:
0 8191
       0
       0
       0
       0
       0
       0
       0
       0
       0
       0
       0
       0
       0
       0
       0
       0
       0
       0
       0
       0
       0
       0
       0
       0
       0
       0
       0
       0
       0
       0
       0
       0
       0
       0
       0
       0
       0
       0
       0
       0
       0
       0
       0
       0
       0
       0
       0
       0
       0
       0
       0
       0
       0
       0
       0
       0
       0
       0
       0
       0
       0
       0
       0
       0
       0
       0
       0
       0
       0
       0
       0
       0
       0
       0
       0
       0
       0
       0
       0
       0
       0
       0
       0
       0
       0
       0
       0
       0
       0
       0
       0
       0
       0
       0
       0
       0
       0
       0
       0
       0
       0
       0
       0
       0
       0
       0
       0
       0
       0
       0
       0
       0
       0
       0
       0
       0
       0
       0
       0
       0
       0
       0
       0
       0
       0
       0
       0
       0
       0
       0
       0
       0
       0
       0
       0
       0
       0
       0
       0
       0
       0
       0
       0
       0
       0
       0
       0
       0
       0
       0
       0
       0
       0
       0
       0
       0
       0
       0
       0
       0
       0
       0
       0
       0
       0
       0
       0
       0
       0
       0
       0
       0
       0
       0
       0
       0
       0
       0
       0
       0
       0
       0
       0
       0
       0
       0
       0
       0
       0
       0
       0
       0
       0
       0
       0
       0
       0
       0
       0
       0
       0
       0
       0
       0
       0
       0
       0
       0
       0
       0
       0
       0
       0
       0
       0
       0
       0
       0
       0
       0
       0
       0
       0
       0
       0
       0
       0
       0
       0
       0
       0
       0
       0
       0
       0
       0
       0
       0
       0
       0
       0
       0
       0
       0
       0
       0
       0
       0
       0
       0
       0
       0
       0
       0
       0
       0
       0
       0
       0
       0
       0
       0
       0
       0
       0
       0
       0
       0
       0
       0
       0
       0
       0
       0
       0
       0
       0
       0
       0
       0
       0
       0
       0
       0
       0
       0
       0
       0
       0
       0
       0
       0
       0
       0
       0
       0
       0
       0
       0
       0
       0
       0
       0
       0
       0
       0
       0
       0
       0
       0
       0
       0
       0
       0
       0
       0
       0
       0
       0
       0
       0
       0
       0
       0
       0
       0
       0
       0
       0
       0
       0
       0
       0
       0
       0
       0
       0
       0
       0
       0
       0
       0
       0
       0
       0
       0
       0
       0
       0
       0
       0
       0
       0
       0
       0
       0
       0
       0
       0
       0
       0
       0
       0
       0
       0
       0
       0
       0
       0
       0
       0
       0
       0
       0
       0
       0
       0
       0
       0
       0
       0
       0
       0
       0
       0
       0
       0
       0
       0
       0
       0
       0
       0
       0
       0
       0
       0
       0
       0
       0
       0
       0
       0
       0
       0
       0
       0
       0
       0
       0
       0
       0
       0
       0
       0
       0
       0
       0
       0
       0
       0
       0
       0
       0
       0
       0
       0
       0
       0
       0
       0
       0
       0
       0
       0
       0
       0
       0
       0
       0
       0
       0
       0
       0
       0
       0
       0
       0
       0
       0
       0
       0
       0
       0
       0
       0
       0
       0
       0
       0
       0
       0
       0
       0
       0
       0
       0
       0
       0
       0
       0
       0
       0
       0
       0
       0
       0
       0
       0
       0
       0
       0
       0
       0
       0
       0
       0
       0
       0
       0
       0
       0
       0
       0
       0
       0
       0
       0
       0
       0
       0
       0
       0
       0
       0
       0
       0
       0
       0
       0
       0
       0
       0
       0
       0
       0
       0
       0
       0
       0
       0
       0
       0
       0
       0
       0
       0
       1
       0
       0
       0
       0
       0
       0
       0
       0
       0
       0
       0
       0
       0
       0
       0
       0
       0
       0
       0
       0
       0
       0
       0
       0
       0
       0
       0
       0
       0
       0
       0
       0
       0
       0
       1
       0
       0
       0
       0
       2
       2
       4
       6
       5
      10
       6
       5
       7
       7
      12
      13
       3
       9
      10
      12
       5
      12
      11
       7
       9
       6
       7
       8
      12
       6
      12
      12
      11
       5
       7
      10
      11
       6
       2
       6
      10
       9
       5
      12
       6
       9
       8
      12
       9
       6
       6
       8
      11
       6
      10
       8
       8
      10
       7
      11
      12
       7
       7
       6
      11
      14
       7
       4
       7
       7
       5
       7
       8
      14
       9
       6
      10
       7
      11
      10
      12
       5
       6
      12
       8
      11
      10
      10
      12
       9
       4
      11
      16
       6
       6
       6
       7
      10
       9
       7
      10
       9
       7
       6
       6
      11
      12
      15
       7
       4
      12
       8
       6
      13
       9
       3
      12
       8
       8
      10
       8
       2
      12
       5
       7
      10
      13
       7
      10
      15
      13
       8
       8
       9
      11
      13
      10
       6
       9
      11
       7
      13
       4
      10
       9
      13
       7
      11
       5
       9
       7
       5
       7
       5
      10
      11
      13
       8
       8
       5
       4
       6
       9
       7
       3
      10
      12
       9
      10
       9
       8
       6
       7
       4
       8
       8
      13
       8
      10
       8
      12
       8
      12
       7
       9
       9
      13
      10
       8
      11
      12
      15
      10
      11
      10
       9
      11
       7
      11
      10
      10
       8
       9
       8
      10
      10
      11
      10
       5
       9
       8
       4
       5
       9
       5
       9
      10
       5
       9
       8
      12
       9
       3
      10
       8
      13
       4
       7
       7
       7
       8
      11
       6
      10
       9
      14
       9
      13
      10
       6
      11
       8
       7
       7
       6
      10
      12
       7
      11
       6
       8
       5
       5
       5
       8
      12
      14
       8
       9
       1
      10
      11
       6
       9
      10
       8
       7
       7
       8
       8
      12
      10
       9
       8
       6
       9
       7
       8
      11
      10
       5
       2
      10
       9
       8
       6
       9
      13
       9
       6
       7
      12
      10
      13
       7
       9
       7
      10
       9
      11
       6
       8
      13
       7
      10
       8
       9
       8
      11
       6
       9
       7
      11
       5
       8
       7
       8
       6
       8
      11
       5
      10
       4
      13
      10
      13
       6
      10
       7
       6
       5
       7
      10
      12
       8
       9
      16
       8
      10
       6
       3
      11
       6
      10
      10
       6
      11
       8
      12
      12
       9
       9
       9
       5
      10
       6
      13
       4
       7
       6
       7
       3
       9
      12
       9
       8
      16
      11
       8
       7
      11
       5
       6
       9
       5
       7
      12
       8
       5
       7
       9
       5
       8
       5
      11
      10
      12
       5
      11
       8
       8
       8
      10
       9
      15
       8
      11
      12
      10
       3
       6
       5
       9
      13
      10
      10
       8
      11
       8
       9
       9
      11
      14
       8
       5
       6
       9
      11
       9
      11
       7
       6
       7
      14
      11
      12
       7
       3
       2
      12
       6
      12
      10
      12
       9
      14
      10
       8
       6
       8
       4
       7
       9
       9
      12
       2
       5
       9
       4
       9
       8
       7
       8
       8
       2
       6
       6
      15
       7
       4
      11
       9
      12
      10
      10
       4
       9
      11
      10
       3
       4
      10
      11
      14
      12
      16
      15
       6
      13
      10
      11
      12
       6
      11
       5
       6
       5
      13
       8
       7
      10
       4
       4
       3
       9
       7
       6
       7
      11
       6
       4
       8
       6
      11
       6
       7
      11
       7
       7
      10
       8
      13
       4
      11
       9
       7
       7
       9
      11
       7
       8
      15
      11
       5
       5
       9
       6
      11
      14
       6
      10
      10
       3
      11
      13
      12
       7
       9
       7
       4
       8
      10
      13
      12
       8
      10
      10
       3
       8
       4
      10
       6
       6
       3
      10
       5
       8
      10
      10
      14
       8
       8
      12
       5
       5
       7
      11
       5
      10
       5
      11
       7
       6
       8
      10
       6
      12
       8
      13
       6
      10
      11
      10
       7
      10
      14
       8
       7
       9
       4
       8
       9
       6
       7
      13
       5
       6
       8
       8
       7
       9
       4
      10
       8
       9
       8
       5
      12
      10
       6
      10
       7
      11
       9
      12
       8
       5
      10
       8
      11
       7
       8
      10
      12
      11
      18
      13
       5
      13
      10
      10
       7
      10
       8
       8
      14
      11
       6
       8
       6
       7
       9
       7
       8
       3
      14
      11
      10
       4
      12
       8
       7
       9
       5
      13
       7
       6
       6
      11
       8
       5
      12
       9
      11
      11
       8
       7
      12
       6
      11
       9
       6
      10
      10
       7
       7
       6
       9
      10
       7
       7
      10
      11
       5
      11
       7
      16
       5
       6
       6
       7
      17
       6
       6
      12
      12
      12
       9
      10
       9
       7
       9
       8
      13
      14
       8
      10
       6
       9
       5
       7
       3
       9
      13
      14
       9
       8
      13
       5
       8
       9
       4
       8
       5
       7
       8
      13
      12
       3
       9
       5
      11
       7
       9
      14
       4
       5
       5
      15
      13
       7
      11
       7
      12
      12
       2
      12
       6
       8
       9
       4
      11
       7
      11
       8
      11
       6
       7
      12
       8
      12
      13
       5
      12
       4
       8
       5
       9
       9
       8
       5
      14
      10
       8
      10
       7
       4
       7
       9
       8
       9
       5
       9
       9
       4
       9
       5
       6
      10
       9
       6
       8
       4
      11
       9
       8
       8
       5
      10
       9
      11
       9
       7
      16
       7
      10
      11
      14
       4
       7
       6
       9
       4
       4
       9
       4
      12
       7
      11
       9
       4
       9
       8
       7
       8
       8
       9
       7
       6
       8
      12
       9
      11
       6
       9
      10
       7
      12
       8
       4
      14
       9
       5
       6
      14
       9
       6
       8
       9
       8
      17
      11
      11
      13
       5
       7
      11
      15
       4
      11
       4
      11
       8
       8
       7
      12
      14
      10
       6
       8
       7
      13
       5
       2
      10
      11
      12
       8
      12
       6
       7
       5
       2
      12
       6
      13
       9
      10
       8
       8
       7
       9
      11
      14
       8
      10
       6
      11
       7
       9
       7
       9
       8
       8
       6
       3
       9
      10
       2
       9
       6
       9
       8
      17
      12
       8
       6
      13
       9
       9
       5
      10
       7
       9
       4
      10
       8
       6
       9
       7
      13
       7
      12
       8
      10
      10
       9
       9
       7
      11
      11
       9
       6
      11
       9
       7
      13
      12
       6
       7
      12
       8
      10
       7
      14
      10
       8
       5
      13
       6
       5
       9
       7
      10
       5
       9
       9
      16
      11
       8
       8
      10
      16
       3
      12
      11
      11
      10
       5
      15
       8
       9
       5
       9
      12
       6
       9
      23
       6
      13
      10
       7
       8
       6
      12
      13
       9
       4
      10
       5
      14
       7
      11
      13
      12
       8
      10
      10
      10
       8
       3
       6
      10
       6
       7
      14
      15
      12
       8
      13
       4
      12
       7
       5
       8
      12
      10
       1
       6
      13
       6
      12
       7
       6
       4
       7
       6
       5
      11
       7
      11
       7
       7
       6
      12
      10
       9
      11
       6
       8
       6
      11
       9
       6
      10
       7
      12
      10
       8
       9
       7
      11
       7
       9
      11
      11
       7
       5
       7
      10
       7
      10
      14
      10
       9
       9
      14
       5
       8
       8
      12
       2
      12
      12
       9
       5
      17
       5
       7
       7
       8
      10
      10
      10
      14
       6
      12
       7
       7
      11
      13
       8
       3
       5
      10
       4
       6
      11
       9
       3
       6
      10
       9
       7
       5
      12
       9
       5
       8
      11
      10
       8
       8
      10
       9
       6
       7
       7
      12
       7
       7
       9
       6
       5
       7
       5
       9
       7
       5
      10
      13
       7
       8
      16
       6
       3
      12
       5
       5
       5
       6
      10
      11
      12
       9
      11
      11
       9
       4
      10
      16
       7
       7
       6
       8
      10
      10
      19
      13
      12
       7
       9
       3
      11
      11
       7
       5
       6
       9
      10
      10
      11
       6
       7
      12
      16
       7
       8
       7
      10
       8
       8
       9
      11
       4
       7
      13
      12
      11
       5
      11
      17
      11
       9
      14
       6
      14
       5
      10
       5
      16
      11
       8
      14
       7
      10
       7
      13
       9
       9
      10
       6
       7
       8
       7
       6
       7
       7
       8
       7
      10
       4
       9
       6
       6
       9
      15
       9
       6
      15
      15
      10
       8
       8
       7
       9
       6
      10
       8
       6
      13
      10
       3
      16
       5
       5
      11
       9
       8
      10
       6
       9
       4
       6
       7
      15
       7
       8
      11
      12
       8
       5
       7
      13
      11
       6
       8
       5
       8
       4
       9
      11
       2
       4
       4
       6
      10
       5
       9
       1
      14
       9
      12
       8
       7
       6
       8
      13
      13
       7
       8
       7
      13
       5
       6
      10
      12
       8
      18
       6
       7
      11
       5
       7
      11
       6
      14
      11
       5
      12
      14
       6
       9
       8
       8
       6
       4
       8
       8
      11
       8
       7
       8
       9
       6
       7
       5
       8
       4
      10
       4
      10
       9
       9
       6
      15
       8
       9
       4
      15
       8
      11
       8
      12
       7
       5
      10
      10
       6
       8
      14
       8
       8
       6
      10
      16
       6
      11
       9
       5
      12
       7
      11
      12
      10
       6
       6
      12
       2
      12
      11
       7
       3
       4
       7
       7
      12
       9
       8
      12
       8
       9
       7
       8
       8
      11
       6
       7
       8
       7
       3
       2
       5
      11
       7
      12
       7
      13
       7
      12
      10
       8
       8
       4
       7
       9
       9
       2
      10
       6
       6
      12
       5
       8
       6
       8
       8
       3
      10
       8
       7
       9
       9
       9
       6
       6
       8
       6
       9
      10
       9
      14
       4
       8
       7
      11
       8
       7
       4
      10
      12
       8
      10
       4
       8
       7
      13
      10
       8
       7
       9
      11
      13
       8
       9
       9
      18
      12
       6
       2
      10
       8
      12
       6
      18
       8
       6
       9
       7
       8
       7
       8
      15
       2
       9
      10
      10
       8
      10
       9
       8
       6
       8
       8
       9
       8
       7
       6
       8
       5
      10
       5
      10
       3
      13
       6
       6
       9
       5
       6
      11
       6
      19
       6
       8
       9
       5
       8
       7
       6
      12
       8
       6
      13
       6
       6
       6
      11
       4
       8
       9
       3
       8
       6
       9
       8
       8
      10
       6
       5
       8
      10
       8
      11
       5
       6
      11
       8
      11
      11
       6
       8
       5
       5
       6
       8
      10
       3
      11
       9
      15
      14
       6
       4
      12
       4
      11
      12
       7
      10
       9
       5
       9
      10
       9
       9
       8
       8
       6
      13
      11
       8
       5
       5
       9
      11
      10
       8
      11
       6
       7
       8
       7
       7
      10
       8
      14
       8
       7
      13
       9
       7
      11
       8
       8
      15
      10
       9
       8
      12
      14
       8
       7
      10
      11
       7
      14
       9
      15
      11
       5
       7
       6
      10
      15
       6
       7
       8
       9
       8
      13
       3
      11
       5
       5
       9
      10
       7
       7
       5
      12
      13
      10
       5
      11
      11
       8
       9
       6
       4
       6
       4
       8
      11
      13
       4
       7
      11
      10
      11
      12
      16
      16
       7
       8
       5
       7
      10
       9
       8
      12
       7
      11
      16
       6
      10
       4
      11
      10
      10
       7
       9
       7
       7
      11
      11
       6
       8
       6
      11
      12
       6
      11
       8
       9
       7
      12
       6
       6
       7
      12
      10
       9
      11
      10
       8
      14
       7
       9
       8
       9
      11
      11
      11
       5
      13
       7
      13
       9
       8
      11
       9
      10
      10
      11
      12
       7
      17
      11
      17
       9
      12
      11
       5
       7
       9
      11
      10
       7
       6
       7
      13
      13
      12
       7
       5
       4
      15
      11
       5
      10
      13
       6
      15
      13
       8
       5
      12
      13
      15
      15
       8
      11
      12
       5
       4
       5
      10
      20
       8
      11
       7
      11
       8
       7
      15
       5
      10
      11
       6
      11
       9
       5
      11
      10
      16
      15
      10
       9
      12
      15
       7
      11
       9
       5
       9
      15
       6
       9
       5
      10
      12
       8
      11
      14
       8
       8
      10
      13
       9
      10
       8
      13
       9
      11
       7
       8
      10
      11
      16
      12
      17
       8
      12
       7
      13
      12
       9
      15
       9
       8
      10
      12
      11
      11
       5
      13
      11
      22
      13
       9
       7
       7
       6
      10
      10
      13
       7
      11
       9
       7
      12
      16
      11
      10
      10
      10
       8
      17
      12
      11
      12
      13
      10
      14
       7
      11
       8
      12
      10
       7
      14
      13
      13
      13
      15
      14
      12
       9
      11
      12
      16
      15
       9
      11
      15
      17
      10
      11
       8
      12
      13
      11
      15
      17
      12
       9
       9
       8
      12
      10
      13
      11
       8
      11
      11
      19
      12
      11
      16
       8
      12
      12
      20
      20
       9
      10
      16
      13
      18
      14
      10
      19
      11
      25
      19
      18
      14
      12
      23
      13
      11
      14
      24
      23
      23
      25
      21
      19
      21
      22
      13
      12
      14
      23
      23
      20
      17
      17
      20
      14
      35
      26
      28
      21
      20
      25
      23
      31
      33
      25
      32
      23
      27
      27
      25
      31
      26
      28
      23
      22
      43
      39
      37
      35
      42
      36
      31
      24
      31
      44
      33
      51
      53
      45
      49
      51
      55
      56
      65
      60
      49
      65
      81
      74
      66
      89
     114
      99
     116
     124
     124
     138
     159
     196
     184
     221
     244
     249
     304
     302
     305
     324
     368
     441
     453
     548
     616
     665
     699
     769
     867
     933
    1046
    1156
    1239
    1324
    1513
    1639
    1802
    1954
    2069
    2270
    2537
    2576
    2951
    3219
    3422
    3702
    4053
    4263
    4656
    4994
    5296
    5731
    6167
    6479
    6837
    7277
    7760
    8344
    8762
    9321
    9940
   10304
   10960
   11585
   12117
   12516
   13123
   13847
   14409
   15031
   15466
   15938
   17008
   17399
   18168
   18484
   19399
   19856
   20062
   20414
   21353
   21649
   22373
   22551
   22574
   23263
   23652
   24030
   24105
   24462
   24499
   24706
   25250
   25320
   25472
   25280
   25347
   25406
   25591
   25132
   25125
   24915
   25051
   24855
   24593
   24373
   24097
   23872
   23446
   23023
   22710
   22426
   22017
   21595
   21296
   20943
   20540
   20121
   19401
   18735
   18657
   18109
   18035
   17248
   16681
   16213
   15889
   15384
   15133
   14546
   14221
   13765
   13174
   12916
   12363
   12015
   11757
   11244
   11070
   10414
   10096
    9688
    9409
    9071
    9004
    8556
    8266
    7949
    7763
    7375
    7244
    6939
    6675
    6626
    6356
    5995
    5808
    5521
    5476
    5129
    5106
    4865
    4733
    4645
    4443
    4206
    4179
    3916
    3781
    3836
    3564
    3334
    3422
    3231
    3165
    3048
    2937
    2761
    2719
    2527
    2583
    2565
    2388
    2328
    2260
    2171
    2162
    2133
    2023
    1924
    1873
    1825
    1754
    1706
    1662
    1679
    1581
    1576
    1482
    1444
    1391
    1397
    1317
    1303
    1231
    1191
    1228
    1175
    1097
    1171
     995
    1045
    1087
     919
     966
     911
     913
     921
     895
     847
     851
     801
     785
     741
     725
     690
     669
     754
     656
     644
     625
     627
     645
     564
     587
     540
     557
     565
     547
     526
     487
     533
     519
     500
     462
     500
     490
     477
     422
     439
     397
     420
     378
     367
     363
     384
     386
     328
     337
     330
     304
     322
     308
     307
     283
     312
     292
     275
     307
     275
     269
     236
     271
     256
     259
     246
     242
     264
     210
     249
     209
     203
     206
     214
     237
     201
     209
     227
     191
     193
     184
     178
     187
     185
     160
     169
     161
     165
     174
     174
     164
     167
     155
     150
     137
     139
     146
     150
     126
     164
     139
     120
     147
     135
     122
     135
     114
     107
     108
      88
     129
     116
     119
      96
      92
     111
     109
     109
     101
     119
      96
      93
     106
      98
      75
      93
      91
      94
      96
      82
      91
     101
      93
      94
      84
      83
      63
      79
      85
      66
      82
      73
      71
      69
      73
      80
      78
      64
      55
      63
      68
      66
      66
      58
      57
      57
      64
      46
      64
      61
      52
      61
      47
      50
      51
      47
      46
      45
      51
      45
      56
      42
      49
      50
      60
      50
      43
      51
      50
      34
      42
      51
      47
      41
      37
      34
      48
      41
      40
      59
      37
      34
      45
      43
      34
      34
      29
      42
      36
      31
      40
      28
      28
      43
      32
      48
      31
      34
      37
      39
      29
      33
      37
      35
      36
      25
      26
      26
      35
      27
      30
      41
      27
      26
      33
      25
      26
      30
      24
      17
      33
      21
      34
      30
      22
      27
      25
      25
      18
      18
      19
      27
      20
      28
      24
      29
      22
      23
      25
      25
      11
      27
      20
      19
      32
      18
      31
      26
      13
      20
      24
      15
      19
      19
      25
      15
      16
      25
      24
      18
      15
      18
      20
      12
      26
      13
      17
      20
      14
      16
      17
      24
       8
      18
      20
      19
      16
       7
      15
      22
      20
      23
      14
      10
      24
      12
      15
      29
      14
      21
      15
      16
      11
      16
      17
      11
      19
      12
      17
      19
      18
      22
      13
      22
      16
      18
      17
      20
      13
      20
      16
      18
      13
      12
      17
      14
      18
      29
      20
      19
      20
      19
      15
      13
      14
      18
      16
      18
      10
      11
       5
      13
      17
      13
      12
      19
      15
      18
      17
      17
      14
       9
      17
       9
      15
      12
       7
       9
      25
      14
      16
      16
      10
      17
      11
      17
      19
      12
      13
       8
      14
      15
      15
      10
       8
      10
      11
      11
      15
       9
      21
      20
      15
      15
      13
      19
       8
      19
      17
      16
       8
      11
      14
      10
       9
      19
      12
      15
      12
      10
      17
       9
      10
      16
      11
       8
      10
      12
      12
      10
      18
      14
      11
      12
      13
       9
      14
       7
      11
      15
      10
       6
      13
      13
       8
       5
      12
       8
      15
      12
      10
      18
      11
      11
       9
      10
      10
       9
      16
      12
      10
       8
       5
       9
       9
      12
      16
      18
      14
      14
      12
      17
      16
      11
      10
       6
       9
      16
      12
      11
      12
      15
      10
      11
      15
      13
       9
       3
       9
       9
       9
      10
       6
      15
      15
      10
       8
       8
      15
      10
      10
      15
       9
      11
       8
      12
      12
      22
       4
       9
      11
       9
       9
      12
      11
       9
       5
       7
      20
      14
       8
      11
       6
      11
       7
      10
       9
      19
       7
      12
      14
       7
       8
       7
       9
      10
      11
       8
       2
      15
      15
      19
       7
      12
      20
      15
      11
      11
       9
       9
      10
      13
      20
      11
      11
       9
       5
      12
      10
      14
      14
      12
      12
      10
       6
      10
       8
       8
       8
       6
      12
       6
       8
       9
      16
       9
       9
       7
      10
      16
       7
      10
       8
      12
       7
      11
       6
      15
      13
      10
      11
       9
      10
      17
       3
      10
       4
       9
      10
      14
      10
      15
      10
      13
      11
      11
       8
       7
      10
      18
      15
      10
      16
       6
       7
      12
       5
      11
      12
       8
       9
       9
       7
      10
      15
       5
       7
      13
       8
       8
       9
       8
      14
      12
       8
      11
       7
       9
      13
       8
       7
       8
       4
       7
      10
       7
       7
      12
       7
      13
       7
       4
       7
      10
       9
      11
      13
       6
       5
      13
       8
      12
      10
      10
       5
      10
      10
      13
      14
       8
      11
      10
      10
      14
       7
      13
       7
       3
       8
       9
      15
      13
       5
       9
       6
      11
      15
       5
       9
       9
       6
      10
       9
       6
      10
      10
       8
      10
       8
       8
       9
       8
       7
       8
       4
       8
       8
       9
       8
      11
      13
       6
       8
      11
       9
      15
       8
       9
       7
       8
      10
      16
       6
      13
       8
      16
      12
      12
       7
       3
       8
       8
       7
      12
       7
       4
      10
      10
      11
      11
       8
       5
      10
       6
       8
      11
      14
       7
      10
       8
      13
      13
       5
      10
       8
       9
       9
       8
       9
      16
       7
       7
      10
       7
      12
       8
      13
       6
       4
      10
       9
       8
       5
      13
       7
       5
      10
       8
      13
       6
      12
      11
       7
      11
      13
      12
       6
      11
      12
       8
       6
      10
      11
      11
      10
       9
      12
      10
      10
      11
      10
       5
       6
      12
      10
      12
      15
       8
      13
      12
       6
       6
       7
      12
       9
      12
      13
      15
      14
       6
       8
       8
      12
       5
      10
       5
      15
      11
      14
       9
       9
      10
       8
       9
      13
       4
       5
       9
      11
       9
       8
      18
       6
       6
      13
       9
       5
       8
       9
       5
       9
       6
       8
      11
      13
       9
      12
      11
       9
       7
       9
       6
      11
       9
       5
       7
       9
       8
       8
       7
      12
       7
      15
       6
      15
       7
      12
       9
      15
      10
       9
       9
       4
       7
       6
      12
      15
       6
       6
       5
      13
       7
       9
      16
      11
       8
      13
      11
      13
       6
       8
       5
       4
      14
       8
      11
      12
       4
      10
       5
       6
       7
       6
       7
      13
       9
       5
      11
      13
      11
      13
      12
       6
       6
      13
      11
      12
       8
       4
       9
      11
      13
       8
       6
       7
      14
       6
      14
       9
       7
       7
      12
      11
      11
       8
       4
       9
      11
       9
       9
      10
      12
       9
      10
       7
       7
       7
       8
       9
       6
       5
       5
       4
      11
      10
       8
       6
       8
      11
       7
      10
       7
       7
       6
      11
       2
       9
      12
       9
       3
      12
       7
      11
      14
      11
       4
       8
      11
      17
      10
       7
      10
       7
       8
      13
      11
      12
      11
      12
       4
       9
       7
       8
       9
      12
       7
       7
       7
      11
      10
       4
      12
       9
      10
       7
       9
       6
      10
       6
      13
      11
      10
      17
       9
       7
      12
      13
       7
      11
      11
       5
      13
      10
      11
      13
       6
       9
       9
      15
       8
       9
       7
       5
       5
      15
      11
      10
       8
       9
       6
       7
       6
       6
      10
      11
       6
       8
       6
       7
       4
      11
      14
       4
      19
      14
       6
       8
      10
      10
       3
       6
       5
       6
      12
       9
       3
      14
       5
       8
      13
       5
      15
       9
       3
       7
      11
      12
       9
      11
      11
       4
       5
      15
       8
       8
      12
      11
      10
      10
       8
      15
       6
       6
      12
       9
      10
       9
       7
       9
       9
       8
      11
       7
      10
       8
       7
       8
      10
       9
       4
       6
       7
      14
       7
       8
      10
       7
       9
       9
       9
       9
       7
      12
      16
      14
      13
       8
       8
       9
       8
       6
       8
       7
       7
       4
       8
      12
       9
       5
       5
       8
       9
      12
       7
       4
       7
       9
       7
      12
      14
      12
      12
       8
      11
       8
       9
      13
      12
       8
       9
       6
      12
       8
       4
       9
       7
      10
       3
      11
       8
       4
       9
       9
       7
       6
      10
      14
      12
       5
       4
       5
       2
       8
       6
       9
       8
       9
       9
       2
       9
      14
       5
      13
       8
      10
       9
       4
       5
       6
       8
      10
      11
      12
       2
      11
       8
       2
      11
       5
       3
      11
       5
       8
       9
      12
      10
       7
       7
      11
      10
       9
      10
       9
      13
       6
       9
       9
      11
      15
      10
       6
      10
       9
      14
       6
      10
       6
      11
       9
       8
       4
       3
      13
      12
       8
       7
       8
      12
       9
       9
       6
      12
      13
      11
      10
       8
       8
       2
       5
       8
       7
      14
       5
       7
       7
      11
      12
      12
       7
       6
       8
      12
       5
       4
      10
      13
       8
       8
      10
       6
       8
      10
       9
       7
      12
      11
       7
      13
      10
      10
      11
       6
       5
       9
      10
       4
      10
       7
       9
       8
       9
       7
       7
      11
      14
      10
       8
       8
       6
      13
       5
       7
       2
       8
      13
       5
       9
      10
      11
       6
       8
       7
       9
       5
      10
       9
       7
      10
      10
      12
      10
       9
      11
      11
       7
      10
       9
      11
      10
       7
      14
       6
       8
       9
      14
      11
      13
      10
      12
       3
      10
       6
      12
      11
       6
       4
       6
      11
      10
       9
       9
       7
       8
      13
       9
       9
      11
       8
      10
       8
       7
       5
       9
       9
      10
       9
      10
       9
       7
       4
      12
      12
      10
       5
       8
       8
       8
       6
       6
      10
      10
       7
      11
       8
      11
       9
      14
       8
      10
      10
       9
       8
       5
       7
       7
      10
      11
      10
      10
       8
       7
      10
       5
       8
       8
      11
      11
       9
      10
       7
      10
      11
       9
      10
       2
      11
      13
      17
       9
       5
       6
       8
      10
      10
      11
      11
       8
       7
      17
       7
       8
       9
      11
       6
       6
      17
       7
       3
      10
      11
      12
      11
      11
      14
       9
       4
      14
       7
       7
      12
      10
       7
       4
      16
       6
      12
       9
       6
       7
       8
       5
      15
       8
      10
       6
       6
       7
      10
       4
       6
      10
      17
       8
       5
       8
       7
       8
       7
      11
       3
      10
      12
      13
      11
      10
       8
       8
       9
       3
      11
       9
      12
       6
       5
       7
       5
      17
      12
      10
       6
      13
      14
       8
       3
      10
       7
       6
       6
      12
       7
       9
      11
      10
       9
       6
       5
      14
       9
       5
      13
      12
       6
       6
       1
       7
      12
       5
       7
       7
       9
       9
       7
       6
       8
       5
       5
       4
       6
       9
       7
       6
      10
       9
       9
      12
       2
      15
       9
       4
       7
      13
      14
      13
      11
       6
       2
      11
      12
       3
       6
       9
       6
       9
       9
       9
      12
       9
       8
       4
       4
      10
       9
       6
       3
       6
      10
       9
      12
      13
       8
      14
       8
       8
       9
      12
       4
       9
       6
      10
       7
      12
       9
       8
       8
       9
      14
       6
      11
       7
      10
       8
      11
       9
      12
       9
       6
      10
       8
      10
      10
       8
       8
      11
      13
       8
      11
      10
       8
      13
      10
       5
       9
      11
      11
       6
       3
       7
       8
       5
       5
      11
      11
      16
       7
       8
       7
       5
       2
      11
       9
      10
       9
       5
      11
      10
       8
       7
       9
       6
       8
      11
      11
       6
       8
       5
       8
       8
      10
       9
      11
       8
      15
       9
       9
       5
       7
       5
       8
      13
       8
       8
       4
       7
       6
       5
      14
       5
       9
       9
       5
       9
       8
       9
       9
       4
       8
      11
       7
       2
       2
      11
       3
      15
      12
       8
       8
      12
       6
       7
       8
       8
      14
       7
       7
      12
       4
      10
      12
       7
       8
       8
      11
       9
      13
       4
       8
       7
       7
       7
      12
       8
       9
       9
      12
      10
       4
       9
       8
       8
       7
       5
       8
      10
       3
       8
      11
       6
       7
       9
      12
       6
       8
      11
       5
       8
       6
       8
       9
      10
      15
      12
       8
      11
       6
       9
      12
      11
      13
      10
       6
       6
      10
      10
       8
       5
       3
       6
       7
      12
       3
       8
       8
       7
       4
       5
      11
      13
      11
      11
       5
      12
       6
      10
       8
      12
       7
       6
       6
       5
       9
       6
       8
       6
       9
       6
      10
      12
      11
       9
       8
       6
       6
       6
       6
       7
       4
      12
       7
       8
      10
       8
       4
       7
      12
      11
       8
       4
       7
      12
      10
      11
      11
       9
       8
      11
       6
       3
      10
      13
       6
      10
      13
      10
       5
      10
      11
      13
      14
      11
       5
      10
      10
       7
       9
      10
       8
       7
      13
      10
       8
      13
       8
       7
      10
      14
       8
      13
       8
      14
      12
      11
       8
       9
       4
       7
       9
      14
       7
       4
       8
       6
       8
       9
       4
       7
       6
       5
       5
       7
      11
       5
      11
       6
      11
       9
       5
      11
       5
      11
       7
       6
       6
      13
       8
      11
       9
       7
      11
       7
       9
      10
      10
       5
       3
      11
       9
       6
       9
       6
       6
       5
       7
      10
      10
      16
       3
       8
       7
      12
      12
      10
       9
      10
       8
      15
      10
      12
      10
       8
      10
       4
      10
       7
       7
       4
       8
      12
       9
       6
       6
       8
      10
      10
       9
       4
      12
      10
       7
       5
       6
      15
       8
       7
      11
       6
      13
      10
      10
      13
      13
      12
       8
       8
       8
       6
       6
       9
       4
       6
       9
      11
       7
       8
       5
      13
       6
       6
      15
       9
       7
      12
       4
       8
       3
      12
       9
      10
      12
      10
       7
      10
      10
      12
      10
      11
      13
       9
       7
       7
      10
       5
       6
       8
       8
      11
       9
       5
       9
      16
      10
      19
      10
       3
       6
       9
       8
      11
      11
       7
      16
      17
      11
      11
       6
       3
       8
      10
       9
      11
       7
       8
       7
      12
      10
       6
      13
      10
       9
      14
       5
       7
      11
       6
      11
       4
      10
      13
      10
       5
      12
       5
      12
       9
      11
       7
      10
      10
      10
       8
       9
       6
       6
       8
       6
       8
      11
      11
       9
      10
       7
      10
       4
       8
       9
       8
       9
      14
       7
      11
       8
       8
      10
      11
       9
      12
      10
       5
       5
       6
       9
      10
       6
       9
       9
       7
       6
       8
       9
       4
       8
      10
      17
       8
       7
      10
       7
      11
      12
      10
       9
       8
      11
       5
       6
       7
       7
      12
       8
       9
      10
      12
       6
       6
       9
      16
      10
       7
      11
      15
       6
       7
       8
      12
       7
       7
       6
       6
      12
      12
      11
       6
       6
      12
       6
      10
       8
      14
       6
       9
       3
      13
       7
       8
       7
       5
       5
       7
      10
       8
      11
      11
      12
      11
       5
       8
       7
       6
      14
       7
       8
      12
       6
       7
      10
       8
       6
      11
       5
       8
       6
       7
       6
      12
      12
      10
       6
       8
      10
      12
       8
      14
       7
       9
       8
       8
       7
       8
      13
      10
      16
       8
       4
       7
       6
      10
       8
       6
      10
      11
      13
       7
      10
       8
       7
       7
      12
      11
      13
       7
      10
       5
      12
      11
      12
       5
       4
      20
       9
      15
      12
      10
       7
      10
       8
       8
       6
       9
       9
       7
       9
      11
       8
       7
       7
       3
       9
       5
      10
      10
       9
       5
       9
      13
       8
       9
       7
      10
       7
       6
      10
       7
       9
      11
       8
      13
       8
       8
       3
       8
      11
       7
       7
      13
      10
       7
      10
      13
       6
       8
       9
       9
      11
       9
      10
       7
      10
       9
      10
       8
       8
       6
      10
      10
       7
      13
      11
       7
      11
       9
       8
       5
       9
       9
       7
      12
       7
       7
       6
       6
      11
       8
       9
       6
       2
       7
      13
       9
       4
      11
       5
      11
       8
      10
       7
      13
       8
      10
       5
       3
       8
       4
       8
       9
       8
       1
      11
       7
       3
       9
       5
       8
       7
      11
      10
       6
       9
       8
       8
       9
       6
      10
       9
       8
       9
       9
       9
       5
       9
       8
       4
       6
       3
      11
      10
       7
       5
      11
       8
      10
      10
      13
       6
      10
      10
       9
       6
      12
       8
       3
       7
      10
       7
       8
       7
      13
      10
      14
      10
      10
      11
      11
       7
       7
       6
       6
      10
       8
      12
       6
       5
      10
      14
       7
      12
       9
       8
       8
       9
       9
       7
       7
       9
      10
      14
       5
       8
       9
      14
       6
       6
       5
       8
      11
       6
       8
       9
       4
       3
       6
      10
       9
       4
       6
      14
      18
      10
       6
       5
       9
      11
       6
      16
       5
       7
      12
       7
       7
      11
       9
       8
       5
       6
       6
       7
       6
      13
      10
      10
       6
      10
      14
       9
      11
       8
       8
       8
       9
       7
      12
       7
       6
       3
       9
       6
       5
      13
      12
       4
      10
       7
      14
       6
       4
       8
       9
      15
       8
       8
       7
      11
      10
       8
       8
       8
      16
       7
       8
      10
       9
       8
      14
      10
      11
      10
       5
       9
       8
       5
       6
       5
      10
       4
       6
       9
      12
       8
       6
      10
       8
      11
       8
       5
       5
       9
       5
       8
      16
      11
       6
       9
       5
      10
       4
       3
       5
      11
      14
      14
       9
       7
       7
       5
      14
      11
       5
       8
      10
       7
       6
       5
      12
      10
       9
       4
       8
      11
      11
       8
      13
      11
      15
       8
       9
      12
      10
       7
       5
      10
      11
       4
       7
      10
       6
       5
      10
       6
       8
       6
       8
      13
       7
       3
      15
      10
      13
      12
      10
       6
       8
       8
      10
       6
      13
       9
       8
      17
      10
      14
      11
      10
       5
      14
      11
      10
       9
       9
       9
       6
       5
      11
       7
       8
      10
       6
       5
      12
       4
       7
       7
      10
       8
       7
       5
       8
       9
       9
       8
       9
       5
      17
       9
       6
      11
      10
      13
       6
      10
       2
       8
       4
      11
       7
      11
       7
       7
      13
       9
       4
      12
      14
       7
      11
      10
       6
       7
       8
       5
       6
      10
      14
       8
       5
       6
      12
       8
      14
      10
      12
       7
      11
       8
      11
       3
      11
      11
      12
      11
       4
      12
      11
       6
       6
       4
       7
      10
       9
      10
       5
      10
       8
       6
      11
      13
       8
      10
       6
       8
       8
       9
       7
       5
      11
      11
       8
       8
       5
       8
       6
       8
      12
       4
       9
       7
       4
       6
       8
      15
       6
      11
      10
       5
       6
      11
       8
      11
       9
       9
       8
       5
       7
      13
       7
      12
      10
      10
      13
      10
       6
       3
      14
      11
      13
       3
       9
      10
      14
      11
      14
      12
      13
       6
       8
       9
      12
       9
      11
       5
       6
       7
       6
      14
      10
      12
       0
       6
      14
       9
      13
      10
       7
      12
      12
       8
       6
       7
       6
      16
       5
       8
       8
       8
      10
       9
      10
       5
      10
      15
       5
       4
       9
      12
       9
      14
      11
      10
      10
       4
       7
       8
       9
       6
      11
      10
       8
       9
       8
       7
       8
       7
       4
      17
       9
      10
       8
      11
       7
      11
      10
      10
      14
       8
       4
       9
       9
       5
      11
       3
       7
      10
      13
       9
       7
       6
       4
      11
      13
      11
       9
       7
       8
      10
       7
      15
       8
      11
       6
       8
       4
      10
       3
      10
       6
       5
       5
       6
      11
      14
      14
       5
       6
       4
      14
       9
       4
      12
      10
       6
      15
       8
       5
       6
       9
      12
      10
       6
       6
       6
       7
       4
      14
      13
       9
      14
      13
       8
      11
       2
       7
       8
       5
       9
       5
       7
      12
      12
       8
       9
       5
       7
       8
      10
      10
       9
      11
       7
       5
       8
      11
       7
      13
       9
      12
      12
       7
       8
       4
       6
      10
       7
       9
       7
       5
       6
       9
      17
       8
      14
       5
       6
       3
      13
       8
       7
       8
       6
      14
       5
      12
       8
       8
       9
      11
       9
      12
      10
      14
       9
       8
       7
       7
       8
       4
       7
       6
      11
       9
       9
      10
       9
      10
       5
       9
       9
      12
      10
      11
       4
      11
      12
       8
      14
      11
       4
       8
      10
      11
       8
       6
      10
      10
       6
      16
      11
      10
      12
       9
      15
       6
       8
      11
       9
      10
       9
      11
      11
       7
      10
       8
       7
       4
       4
       9
       5
       9
      13
       8
       9
       8
       9
      10
       6
       9
       8
       6
       9
      15
       7
       5
      10
      14
      12
      13
       7
       8
       9
       8
      11
       6
       8
       4
       8
      10
       6
      16
       5
      11
       9
      14
       5
       6
       9
       6
      11
       4
       6
       8
       7
      11
       6
       7
      10
       8
       8
       6
      11
       5
       9
       6
       9
       7
       3
      12
       5
       8
       5
      11
       5
       9
      12
       9
      13
       7
       9
      10
      11
       8
       9
       2
       8
      11
      10
       9
      10
       5
      10
      15
      11
       8
       6
       6
       6
      12
      11
       6
       7
       5
       8
      10
       9
       4
       7
       3
       7
      10
       8
      13
       6
       8
      11
       9
      10
       7
       9
       6
      13
       3
       8
       8
       6
       2
      10
      11
      15
       7
      11
       8
       4
       6
      13
       8
       9
      10
       6
      15
       9
       8
      11
      11
      11
       7
      10
       7
      10
      13
       8
       7
      10
       7
       3
      12
      10
       8
       6
       8
       4
       7
       6
      10
       4
       6
       9
       5
      11
      12
       9
       7
      11
       9
       9
       9
       7
      10
       7
       8
      11
      10
      15
       7
      15
       8
       9
       6
       9
      10
       7
      12
       8
       7
      13
      13
      10
       7
       9
       9
      12
       4
      10
      12
       6
      12
      10
       8
       6
       7
       6
      10
       7
       7
      10
       6
       7
      10
       6
       8
      12
       8
      10
       6
       7
      14
       8
       8
       8
       8
       7
       8
       6
      12
       9
      10
      11
      10
       8
      10
       6
       9
      13
       6
       5
       7
      11
       3
      10
       8
      12
       5
      11
      10
      10
       6
       6
       8
      11
       7
       8
       7
       5
       4
      15
       6
       5
       7
       8
       5
       7
       8
      10
       7
       4
      11
       9
       7
       6
       3
       7
       8
       6
       5
       5
       5
      11
       8
      10
       8
      11
      12
       6
      10
       2
       4
       4
       3
       9
      11
       3
       5
       8
       9
      13
       7
       5
       7
       9
      11
       6
       6
      10
       7
       7
       6
       9
       9
       7
       6
       7
      12
       7
       9
       8
       6
      11
       8
      15
      10
      16
       8
      12
       4
       8
       6
      11
       8
       8
       8
      13
       9
      15
       9
       8
       6
       9
      11
       6
       4
      11
       5
       7
       8
      11
      10
       9
       3
       6
       8
      11
       9
      10
      10
      11
       5
       2
       4
      10
       6
       4
       8
       6
      13
      10
       8
       8
      11
       5
      13
      14
       4
      12
       6
       6
      10
       9
       6
       6
       7
       7
      11
      10
       5
       8
      11
       8
      10
      11
       9
      11
       9
      13
       8
       2
       5
      13
       6
       5
       7
      10
       5
       5
      14
      12
      11
       8
       8
       6
      10
      12
      13
       5
       6
      10
       8
       7
       3
      10
       5
      11
       6
      10
       6
      11
       7
      10
       8
       9
       5
       8
       9
       2
       7
      11
       8
       9
       7
      18
      12
       8
       9
      14
      10
       7
       5
      13
      14
       6
       8
      12
       7
       8
      11
       7
       8
       7
       2
       5
       4
       8
       7
      10
       9
      10
       7
      11
       9
       9
       6
       7
       9
       9
       6
       5
       7
       7
      11
       5
      13
       5
      10
       7
       3
       6
       8
      14
       8
       7
       6
      11
       6
      10
       2
       5
       9
      12
       7
       5
      11
       7
      16
      11
       8
      10
      14
       6
       9
       8
      10
      10
       7
       9
       5
       7
      11
       8
      10
       8
       8
      11
       9
      12
       9
       6
       8
      13
       6
       8
       3
      13
      11
       6
       6
      11
      13
       8
      12
      13
       5
       6
       4
      11
       5
      13
       9
      10
       7
      12
       4
      13
       9
      13
       7
       7
      13
       9
       9
      11
       4
       9
       8
      11
      11
       8
      10
      14
      10
       7
      11
       7
       7
      12
      11
       7
      11
      10
       7
       5
      10
      10
      12
      13
       5
       9
       5
       9
      11
       4
       7
       6
      10
       8
      12
       5
      10
      11
       9
      10
      12
      14
      13
       7
       7
       7
       9
       8
       6
      10
       4
      10
       7
       8
      10
       8
      12
      10
      10
      15
       6
       6
      11
       7
       7
       4
       4
      11
       9
       9
       6
       8
       4
       7
       8
      12
       7
       5
       7
      10
       5
      12
       7
       8
       8
       7
       9
       9
       9
       7
      17
      11
       8
       4
       2
       9
       6
      10
       6
       8
      11
       7
       4
      10
       8
      11
       8
       7
       5
      10
       6
       9
       9
       5
      11
       8
      10
       9
       8
       4
       8
       5
       8
      11
       7
      10
       8
       8
       3
       8
      10
       8
      12
       8
       6
       8
      10
      10
      10
       7
       6
       8
      13
      10
      13
       6
       9
       8
       7
      13
       6
      10
       8
       2
       8
      10
      11
       7
      10
      10
       9
       9
       8
       4
       6
       7
       7
      11
      10
       7
       7
       7
       8
       9
      13
       9
       9
      11
       8
       8
       8
      12
       5
       4
       8
       5
      17
      11
       9
       4
       7
      14
      10
      10
       6
       7
       5
      13
       8
       8
       4
       8
       6
       9
       2
       9
       5
       7
      10
       9
       5
       8
       4
       9
       8
       3
       4
      11
       9
       9
       7
       7
       7
       5
       8
       9
       5
       8
       6
       9
       8
      11
      12
       5
       7
      10
       4
       9
       5
       7
       6
       5
       7
       5
       9
       6
       8
       7
      12
       6
      10
       9
      10
      10
       8
       6
       6
       8
       8
       9
       9
       7
       9
      13
       9
       6
       6
       8
      13
      10
      10
       6
       8
       8
       9
       9
       9
       3
       7
       9
       9
      10
       5
       8
      11
       5
       6
       5
       9
       6
       7
      10
      14
       7
      10
       6
       8
      10
       9
       7
       6
       6
      11
      11
      12
      12
       8
       8
       8
      10
      10
       2
       4
      10
      10
       9
       9
      14
       5
       7
      12
       6
       8
       8
       8
       7
       8
       8
       5
       5
       9
      13
      15
       9
       9
       5
       7
       9
       8
       7
      17
      15
      14
       7
       4
       9
      12
      10
       6
      12
      11
       8
       7
      10
      13
       8
       9
       6
      12
       9
       5
      12
       9
      12
       5
       5
      17
      12
       8
       7
       6
       6
       8
       4
       5
       5
      10
       9
       5
       7
      13
      11
      12
      11
       9
      16
       9
       8
       6
       6
      11
       7
      14
       6
       9
       4
      12
       4
       8
       9
      10
       7
       9
      12
       8
       7
       9
       7
       8
      10
       7
       7
       8
       5
       4
      17
       5
       3
      11
       6
       7
      11
       5
       9
       9
       5
       8
       6
      10
      12
       9
       5
       5
      11
       4
       9
       3
       5
      10
       6
      12
      11
       6
      17
      13
       9
       6
       4
       9
      15
       9
      19
       7
      10
      11
       8
       7
       9
       7
       6
       7
      10
      11
       3
       6
      12
       8
      10
      11
       6
       7
       8
       5
       9
       9
      13
      12
       5
       8
       5
      11
       3
       9
       6
       6
       8
       9
       4
      12
       6
       6
       9
      11
       2
       5
       7
       7
       9
       8
      10
       6
       8
       7
       9
       7
      11
      16
       8
       3
      11
       7
      10
       5
      10
       2
       9
      10
      12
       9
      11
       9
       7
      11
       9
       3
       7
       7
      11
       7
       6
       5
       3
      10
       8
       4
       4
       5
       3
       8
       5
       9
       7
       6
       1
       9
      10
       9
      12
       7
      11
      10
       6
      10
       8
      12
       6
      12
      15
      11
      14
       4
       7
      10
      10
       9
       7
      12
      10
       3
       8
      12
       6
      11
      14
      10
       6
       7
      14
      11
       7
      15
       7
       9
       9
      10
       7
       5
       7
       7
      15
       9
       5
       5
      10
       7
      10
       5
      10
       9
       9
      11
       7
      10
       9
      16
       4
      11
       9
       8
       8
      10
       5
       6
      14
       9
       6
       8
       8
      13
      15
       6
       7
       8
       8
       5
       4
       9
       9
       7
       7
       7
       6
      10
      12
       6
       7
       9
       6
      12
       5
      13
       4
       2
       4
      11
       5
       8
       9
      11
      11
       6
       4
      12
       9
       8
       9
      12
       3
       7
      13
      13
       7
      11
      11
       4
       5
       6
      11
       7
       5
      13
       7
       8
       8
       8
       8
       5
      10
       9
       9
       8
      15
      10
      11
      15
       4
      12
      11
       9
       8
       6
       3
      11
       8
       8
      10
       9
      10
       9
       9
       5
       9
      11
       8
      10
      10
       6
       6
       9
      10
       7
       6
       9
      11
       4
       7
      12
      10
       5
       8
       6
       5
       9
       7
       5
      13
       4
      13
       8
       9
       6
      12
      15
       7
       7
       6
      11
      11
      11
      13
       8
      10
       7
       4
       7
      10
      13
       3
      13
       6
       5
       7
       4
       9
      12
      11
       8
       9
      10
       7
       6
       5
      14
       3
       6
       4
       7
       5
      10
       9
       6
      11
       2
       6
      13
      11
      11
       9
      10
      13
       5
      11
      10
       5
       6
       8
       8
      12
      11
       7
       7
       5
      12
       7
       7
       2
      12
       5
      10
       6
      11
      11
       3
      11
       7
       7
       5
       7
       9
      10
       9
      11
      10
       6
       8
       9
       9
       8
       6
       9
      11
       9
      13
      16
       9
       5
      14
       8
       9
      12
       8
       8
       6
       5
       7
      12
      10
       8
       8
       8
       4
       8
      11
       9
       3
      10
      16
       6
       8
       6
       7
       7
       7
      11
       9
       7
       9
      11
      12
      11
       7
       6
       9
       4
       8
       9
       9
      12
      11
      12
       6
       8
      10
       5
      10
       9
      14
       5
       3
      13
       8
       8
      13
      10
       6
       7
       6
      17
       8
       7
       7
       9
      14
      10
       7
      12
       6
       8
      10
       5
       7
       9
       9
      13
      12
       8
       5
       3
      14
       6
      11
       9
      11
      11
       9
       4
       7
      11
       5
       7
      12
       8
      11
       6
       6
      14
      11
       7
       8
      11
       9
       6
      10
       9
       9
      13
       2
       8
      10
       4
       9
      12
       6
       7
       6
       9
       9
       4
       8
       7
       6
      10
       7
      11
      13
      13
       9
      11
       7
       7
       9
      10
      12
       7
      15
       8
       8
      10
       8
       8
       7
      11
       7
       7
       6
      11
       5
       5
       7
       8
       7
       8
      11
      11
       9
      12
       5
       8
       6
       9
      10
      10
       3
       6
       7
       8
      11
      10
       8
      12
       5
       8
      10
       9
       5
       4
      10
      10
       6
      14
       5
       6
       6
       6
       7
       4
       5
       8
      10
       9
       2
       6
      10
       7
       9
       6
       8
       6
       9
       3
       8
      11
      10
       8
      15
      14
       8
      11
       7
       7
       8
      10
      10
       5
      10
       6
       4
       8
       9
       6
      11
       7
      11
       4
       7
      12
      14
       9
       8
      12
      10
       4
      10
      12
       5
      12
      12
       9
       7
      10
       7
       7
       9
      10
       5
      11
       4
       9
       9
      12
       7
       6
       3
      10
       8
       7
      11
       7
       9
      13
       7
      10
      10
      19
       9
       8
       8
       5
       6
      10
      12
      14
      17
      10
      10
       8
       5
      11
       7
      11
      11
       8
       8
       5
       8
      12
       9
      15
       6
       6
       7
       4
       7
       8
       5
       8
       5
       6
       3
       7
      11
       6
       5
      16
       4
       7
       6
       7
       8
       7
      10
      16
       6
       5
       7
      10
      10
       8
      10
       8
       6
      11
      10
       6
       6
       7
       3
       7
      10
       8
      11
       8
       7
       5
       6
       5
       6
       7
       5
       7
      15
       8
       4
       7
       9
       6
      13
      15
      10
       3
       6
       7
       6
      13
       6
       5
       5
      11
       7
      13
       6
      10
       8
      16
       4
      19
       5
       6
      13
       6
       6
      13
       9
       9
       9
       7
      13
       4
      13
       7
       5
       4
       8
      11
      12
       6
       9
       5
      10
       8
       8
      12
       5
      15
       9
       5
       5
       4
       9
       9
       7
       5
      14
      12
      11
       7
      10
       8
       9
       9
       3
       9
       7
       8
       6
      10
       6
       7
       6
       8
      17
      10
       8
      13
       6
       4
       3
       6
       8
       5
       9
       7
       9
       6
       6
       8
       7
      10
       6
      10
       7
       7
      10
       9
       6
       7
       8
      13
       5
       9
       5
       5
      10
       8
      10
      12
       8
       7
       9
       7
      12
       7
       4
       7
      13
      10
      11
      12
       8
       7
       8
       8
      11
       7
      15
       4
       8
       8
      17
       4
       8
       8
       5
      10
       7
       8
      13
       6
       7
       7
       9
       9
       9
       8
      12
       6
       8
      11
       9
       6
       9
       6
      12
      16
       6
       6
       5
      11
      15
       8
      12
      11
       3
       8
       7
       5
       9
       9
      10
       3
       9
       7
      10
       8
       9
       9
       6
       4
       8
       6
       7
      11
      10
       8
       7
       8
       9
      10
       7
       9
       6
       9
       7
       8
       9
      10
       9
       9
       8
       4
       6
      11
       4
       7
       7
      14
      12
      11
      11
       7
       6
       8
      11
       9
       2
      11
      10
       9
       7
       7
       2
      10
       6
       4
       8
       6
       6
       8
       6
       5
       9
      10
       5
       6
      13
      10
       8
       5
      13
       7
       4
      11
       6
       9
       8
       6
      10
      11
       7
       6
       5
       6
       6
      11
       5
       4
       5
       3
       6
      12
       5
       2
       6
       4
       7
      15
      11
       8
       8
       8
       7
       9
      14
       9
      11
       6
       9
       5
       3
      10
       6
       5
       2
       8
       5
       3
       7
       5
       9
       5
      12
       4
      10
       5
      11
       9
       8
      12
       7
       7
       7
       6
       5
       6
       7
      11
      12
       7
      12
       8
       9
       9
      10
       6
       9
      10
       7
       9
      14
       9
       7
      11
       8
      10
       7
       5
      11
       9
       8
      14
      11
       9
       7
      12
       4
      10
      12
      16
       9
      10
       8
       8
       5
       5
      12
       2
       8
       8
       8
       7
      10
       3
       8
       1
       8
       6
       6
       4
       9
      11
      10
      13
       9
       7
      11
       7
       8
       9
       6
      10
       6
       8
       9
       7
       6
       7
      13
      12
      14
       7
       9
      14
       9
       5
       6
      10
       8
       8
       5
      12
       6
       9
      12
      11
      11
       7
      14
       7
      12
       6
       3
      12
       4
       9
      10
       9
      10
       4
       6
       5
       7
      12
       7
       7
      12
      13
      12
      13
      11
      15
       9
       7
       7
       7
      10
       8
       6
       4
       4
       6
       8
       6
       7
      12
       7
       6
       7
      11
       9
       7
       8
       7
       9
      10
       7
       6
       3
      11
      11
       4
       7
       8
       5
      12
       8
       4
       8
       8
       6
       3
       6
      10
      11
      10
       3
       8
       6
      11
       9
       8
      10
       7
      10
       5
       7
       6
      10
       8
      11
      11
       7
       2
       9
      10
       5
       5
      10
       7
       5
       5
      13
       8
       6
      10
       9
       9
       7
       7
      11
      22
      23
      13
      22
      10
      17
      16
       8
      13
      17
      15
      13
      16
      17
      22
      14
      19
      13
      15
      18
      14
      14
      17
      20
      13
      15
      13
      12
      19
      13
      11
      13
      16
       8
      12
      21
      13
       7
      18
      15
       9
      13
      12
      13
      19
      15
       9
       8
      11
      10
      14
       8
      14
      10
      10
      11
      11
      10
      16
      15
      10
       9
      13
      10
       8
      10
      10
       9
       6
       6
      11
       7
      10
       7
       7
      13
      19
      11
       7
      12
      13
       7
       8
       5
      11
      12
       9
       6
       6
       9
       9
       6
      13
       5
      10
       8
       5
       8
       6
      10
       5
       9
       7
       5
       6
      14
       8
       5
      10
      10
       9
       3
       5
       4
       3
       3
       5
       8
       6
       3
       6
       6
       8
       6
       4
       5
       5
       2
       5
       7
      10
       4
       3
       5
       4
       5
       2
       2
       3
       2
       4
       8
      10
       5
       3
       3
       4
       3
       0
       1
       2
       3
       1
       0
       1
       4
       1
       3
       5
       1
       2
       2
       4
       0
       2
       1
       2
       1
       3
       1
       1
       0
       0
       0
       2
       0
       1
       0
       0
       0
       0
       1
       0
       0
$ROI:
1
100 8106
$PRESETS:
Live Time
14400
0
$ENER_FIT:
17.924391 0.174355
$MCA_CAL:
3
1.792439E+001 1.743549E-001 0.000000E+000 keV
$SHAPE_CAL:
3
8.021912E+002 0.000000E+000 0.000000E+000
