$SPEC_ID:
No sample description was entered.
$SPEC_REM:
DET# 1
DETDESC# S047331 MCB 337
AP# Maestro Version 7.01
$DATE_MEA:
08/11/2018 19:41:26
$MEAS_TIM:
14400 14401
$DATA:
0 8191
       0
       0
       0
       0
       0
       0
       0
       0
       0
       0
       0
       0
       0
       0
       0
       0
       0
       0
       0
       0
       0
       0
       0
       0
       0
       0
       0
       0
       0
       0
       0
       0
       0
       0
       0
       0
       0
       0
       0
       0
       0
       0
       0
       0
       0
       0
       0
       0
       0
       0
       0
       0
       0
       0
       0
       0
       0
       0
       0
       0
       0
       0
       0
       0
       0
       0
       0
       0
       0
       0
       0
       0
       0
       0
       0
       0
       0
       0
       0
       0
       0
       0
       0
       0
       0
       0
       0
       0
       0
       0
       0
       0
       0
       0
       0
       0
       0
       0
       0
       0
       0
       0
       0
       0
       0
       0
       0
       0
       0
       0
       0
       0
       0
       0
       0
       0
       0
       0
       0
       0
       0
       0
       0
       0
       0
       0
       0
       0
       0
       0
       0
       0
       0
       0
       0
       0
       0
       0
       0
       0
       0
       0
       0
       0
       0
       0
       0
       0
       0
       0
       0
       0
       0
       0
       0
       0
       0
       0
       0
       0
       0
       0
       0
       0
       0
       0
       0
       0
       0
       0
       0
       0
       0
       0
       0
       0
       0
       0
       0
       0
       0
       0
       0
       0
       0
       0
       0
       0
       0
       0
       0
       0
       0
       0
       0
       0
       0
       0
       0
       0
       0
       0
       0
       0
       0
       0
       0
       0
       0
       0
       0
       0
       0
       0
       0
       0
       0
       0
       0
       0
       0
       0
       0
       0
       0
       0
       0
       0
       0
       0
       0
       0
       0
       0
       0
       0
       0
       0
       0
       0
       0
       0
       0
       0
       0
       0
       0
       0
       0
       0
       0
       0
       0
       0
       0
       0
       0
       0
       0
       0
       0
       0
       0
       0
       0
       0
       0
       0
       0
       0
       0
       0
       0
       0
       0
       0
       0
       0
       0
       0
       0
       0
       0
       0
       0
       0
       0
       0
       0
       0
       0
       0
       0
       0
       0
       0
       0
       0
       0
       0
       0
       0
       0
       0
       0
       0
       0
       0
       0
       0
       0
       0
       0
       0
       0
       0
       0
       0
       0
       0
       0
       0
       0
       0
       0
       0
       0
       0
       0
       0
       0
       0
       0
       0
       0
       0
       0
       0
       0
       0
       0
       0
       0
       0
       0
       0
       0
       0
       0
       0
       0
       0
       0
       0
       0
       0
       0
       0
       0
       0
       0
       0
       0
       0
       0
       0
       0
       0
       0
       0
       0
       0
       0
       0
       0
       0
       0
       0
       0
       0
       0
       0
       0
       0
       0
       0
       0
       0
       0
       0
       0
       0
       0
       0
       0
       0
       0
       0
       0
       0
       0
       0
       0
       0
       0
       0
       0
       0
       0
       0
       0
       0
       0
       0
       0
       0
       0
       0
       0
       0
       0
       0
       0
       0
       0
       0
       0
       0
       0
       0
       0
       0
       0
       0
       0
       0
       0
       0
       0
       0
       0
       0
       0
       0
       0
       0
       0
       0
       0
       0
       0
       0
       0
       0
       0
       0
       0
       0
       0
       0
       0
       0
       0
       0
       0
       0
       0
       0
       0
       0
       0
       0
       0
       0
       0
       0
       0
       0
       0
       0
       0
       0
       0
       0
       0
       0
       0
       0
       0
       0
       0
       0
       0
       0
       0
       0
       0
       0
       0
       0
       0
       0
       0
       0
       0
       0
       0
       0
       0
       0
       0
       0
       0
       0
       0
       0
       0
       0
       0
       0
       0
       0
       0
       0
       0
       0
       0
       0
       0
       0
       0
       0
       0
       0
       0
       0
       0
       0
       0
       0
       0
       0
       0
       0
       0
       0
       0
       0
       0
       0
       0
       0
       0
       0
       0
       0
       0
       0
       0
       0
       0
       0
       0
       0
       0
       0
       0
       0
       0
       0
       0
       0
       0
       1
       0
       0
       0
       0
       0
       0
       0
       0
       0
       0
       0
       0
       1
       0
       0
       0
       0
       2
       1
       0
       0
       0
       0
       0
       0
       0
       1
       2
       0
       1
       0
       0
       1
       1
       0
       1
       0
       0
       2
       0
       0
       0
       1
       0
       1
       0
       0
       0
       0
       1
       2
       0
       1
       1
       0
       1
       1
       0
       0
       1
       2
       0
       1
       0
       1
       0
       0
       2
       0
       1
       3
       1
       1
       1
       0
       0
       1
       0
       0
       0
       0
       0
       0
       1
       0
       0
       1
       2
       0
       0
       1
       0
       0
       1
       0
       0
       0
       0
       1
       1
       0
       0
       1
       0
       0
       1
       1
       2
       0
       1
       0
       0
       2
       1
       1
       1
       0
       0
       0
       0
       0
       0
       0
       1
       0
       0
       1
       1
       1
       0
       0
       1
       0
       0
       1
       0
       2
       3
       0
       0
       1
       0
       2
       0
       0
       1
       0
       0
       0
       0
       0
       0
       1
       0
       1
       1
       0
       0
       0
       0
       2
       0
       0
       0
       2
       0
       0
       0
       0
       1
       0
       0
       1
       1
       1
       0
       0
       1
       2
       0
       2
       0
       2
       0
       0
       0
       1
       2
       1
       0
       1
       1
       1
       0
       0
       0
       0
       1
       0
       0
       0
       0
       1
       0
       1
       1
       0
       1
       0
       0
       0
       0
       0
       1
       1
       0
       2
       0
       0
       0
       1
       0
       0
       0
       1
       1
       0
       0
       1
       0
       1
       0
       1
       2
       2
       1
       0
       0
       0
       0
       0
       0
       0
       0
       0
       0
       1
       2
       1
       2
       1
       0
       1
       1
       1
       2
       0
       1
       1
       0
       1
       1
       0
       1
       0
       0
       2
       0
       0
       0
       0
       0
       0
       1
       1
       0
       0
       2
       2
       1
       0
       1
       0
       0
       1
       0
       0
       1
       1
       0
       1
       0
       1
       0
       2
       0
       0
       0
       1
       1
       0
       0
       1
       0
       1
       1
       0
       1
       1
       1
       1
       0
       0
       0
       0
       0
       0
       0
       0
       1
       0
       0
       0
       0
       0
       1
       0
       2
       2
       1
       0
       0
       0
       1
       1
       0
       2
       3
       0
       0
       0
       0
       2
       0
       1
       0
       1
       0
       0
       0
       0
       0
       2
       0
       0
       0
       0
       1
       1
       1
       0
       0
       0
       0
       2
       1
       0
       0
       1
       1
       0
       0
       0
       1
       0
       1
       0
       2
       3
       1
       0
       0
       0
       0
       1
       0
       1
       2
       2
       1
       2
       0
       0
       0
       0
       1
       0
       0
       1
       2
       0
       1
       0
       0
       0
       1
       2
       3
       0
       1
       1
       0
       1
       0
       2
       0
       0
       0
       0
       0
       0
       0
       1
       0
       0
       2
       1
       0
       0
       0
       2
       0
       3
       2
       1
       2
       1
       1
       1
       0
       1
       0
       0
       1
       1
       2
       0
       2
       2
       0
       1
       0
       3
       0
       1
       0
       0
       0
       0
       1
       1
       1
       0
       2
       0
       2
       1
       2
       0
       0
       0
       1
       0
       1
       0
       1
       0
       0
       1
       0
       1
       1
       1
       2
       2
       2
       0
       1
       1
       0
       0
       1
       4
       1
       1
       0
       2
       0
       1
       2
       1
       3
       1
       0
       1
       2
       0
       0
       0
       1
       0
       0
       1
       1
       0
       0
       0
       0
       0
       1
       1
       0
       0
       0
       0
       0
       0
       1
       1
       2
       1
       0
       0
       1
       0
       0
       0
       1
       1
       0
       0
       2
       0
       1
       0
       0
       1
       1
       0
       1
       0
       0
       1
       0
       1
       0
       0
       0
       1
       0
       0
       0
       0
       0
       1
       0
       0
       0
       0
       1
       1
       0
       2
       0
       1
       0
       1
       0
       2
       0
       1
       2
       0
       0
       0
       0
       1
       1
       1
       1
       1
       2
       0
       0
       0
       0
       0
       1
       0
       0
       0
       0
       0
       0
       1
       0
       0
       1
       0
       0
       1
       2
       0
       1
       0
       0
       1
       1
       0
       0
       0
       0
       0
       1
       1
       0
       2
       0
       0
       0
       0
       2
       1
       0
       0
       2
       0
       1
       1
       0
       0
       0
       0
       1
       0
       1
       1
       1
       0
       2
       2
       0
       1
       1
       3
       0
       0
       1
       0
       0
       0
       0
       0
       0
       1
       0
       1
       2
       1
       1
       0
       0
       0
       0
       0
       0
       1
       0
       0
       1
       1
       0
       0
       1
       1
       0
       4
       1
       0
       0
       2
       0
       1
       1
       1
       0
       0
       0
       2
       1
       1
       0
       0
       1
       2
       0
       0
       0
       0
       0
       2
       0
       1
       1
       2
       1
       1
       1
       0
       1
       2
       0
       0
       1
       0
       1
       0
       0
       1
       0
       0
       1
       0
       0
       2
       1
       1
       0
       1
       2
       0
       2
       0
       0
       0
       1
       2
       0
       0
       0
       0
       0
       2
       1
       1
       1
       2
       1
       1
       0
       0
       0
       0
       2
       0
       1
       1
       0
       0
       2
       0
       1
       2
       0
       1
       1
       1
       2
       0
       0
       1
       1
       0
       0
       2
       1
       0
       1
       3
       1
       0
       1
       1
       0
       2
       0
       0
       0
       0
       1
       1
       0
       0
       0
       1
       0
       0
       1
       0
       2
       0
       1
       0
       1
       1
       0
       1
       0
       0
       1
       0
       0
       0
       1
       1
       0
       1
       0
       1
       0
       0
       1
       0
       2
       2
       0
       0
       1
       0
       0
       2
       0
       0
       0
       1
       0
       0
       1
       1
       0
       0
       0
       1
       0
       0
       1
       1
       0
       0
       1
       2
       0
       0
       0
       1
       0
       0
       0
       0
       1
       0
       1
       0
       0
       1
       0
       0
       1
       0
       0
       2
       0
       0
       0
       1
       0
       1
       0
       0
       1
       1
       0
       1
       0
       1
       0
       0
       1
       0
       1
       1
       0
       1
       1
       1
       0
       0
       1
       0
       0
       0
       1
       1
       0
       0
       1
       1
       0
       2
       0
       0
       1
       1
       0
       1
       1
       0
       0
       1
       0
       0
       1
       0
       1
       0
       1
       0
       0
       0
       2
       2
       1
       1
       0
       0
       1
       0
       2
       1
       1
       0
       0
       0
       2
       1
       1
       0
       0
       0
       2
       1
       0
       1
       1
       1
       0
       1
       0
       0
       1
       1
       0
       0
       0
       1
       1
       0
       1
       0
       0
       2
       0
       0
       2
       0
       0
       2
       0
       2
       0
       1
       0
       0
       0
       1
       1
       0
       1
       0
       2
       0
       1
       0
       0
       2
       2
       1
       0
       0
       0
       0
       0
       2
       1
       0
       1
       0
       0
       1
       0
       0
       0
       1
       0
       1
       1
       0
       2
       1
       0
       0
       3
       1
       0
       0
       0
       1
       3
       0
       1
       0
       0
       0
       0
       1
       1
       1
       0
       0
       3
       0
       1
       0
       2
       0
       0
       0
       1
       3
       0
       2
       1
       0
       0
       1
       2
       1
       0
       0
       0
       2
       0
       2
       0
       0
       0
       0
       1
       1
       1
       0
       1
       0
       3
       1
       0
       0
       2
       1
       0
       2
       1
       0
       0
       0
       2
       0
       0
       0
       0
       1
       2
       0
       1
       0
       1
       2
       0
       2
       3
       0
       4
       0
       0
       1
       1
       0
       0
       2
       2
       0
       1
       0
       0
       0
       2
       2
       1
       0
       1
       1
       0
       0
       0
       1
       2
       0
       0
       1
       0
       1
       0
       0
       1
       0
       0
       0
       0
       0
       1
       0
       1
       0
       1
       1
       1
       1
       1
       2
       0
       1
       1
       2
       0
       1
       0
       2
       0
       2
       0
       2
       0
       1
       0
       0
       0
       2
       0
       1
       0
       2
       0
       0
       0
       0
       0
       0
       0
       0
       1
       0
       1
       0
       0
       2
       2
       1
       0
       0
       0
       0
       1
       0
       0
       1
       3
       1
       0
       1
       1
       1
       1
       0
       1
       0
       0
       1
       1
       2
       1
       0
       0
       0
       0
       0
       0
       0
       0
       0
       0
       0
       0
       1
       0
       0
       0
       1
       2
       1
       1
       0
       0
       0
       2
       0
       0
       1
       0
       3
       2
       1
       1
       1
       0
       0
       0
       0
       1
       1
       2
       1
       1
       1
       1
       1
       1
       1
       1
       1
       0
       2
       1
       0
       0
       0
       0
       1
       0
       0
       1
       0
       0
       1
       1
       1
       0
       1
       1
       1
       0
       0
       0
       0
       2
       1
       1
       1
       2
       0
       1
       0
       1
       0
       1
       1
       1
       0
       0
       1
       2
       0
       1
       0
       1
       0
       1
       1
       2
       0
       3
       1
       1
       0
       1
       0
       0
       2
       1
       1
       1
       1
       0
       1
       2
       0
       2
       0
       2
       0
       1
       2
       0
       0
       1
       1
       1
       2
       0
       0
       1
       1
       0
       0
       2
       1
       1
       1
       0
       0
       0
       1
       1
       2
       1
       0
       2
       0
       1
       3
       0
       2
       1
       1
       1
       4
       0
       1
       6
       1
       1
       1
       2
       3
       2
       2
       1
       2
       2
       4
       5
       2
       4
       4
       2
       9
       2
       2
       5
       5
       8
      10
       5
       7
      10
       9
      12
      13
      13
      12
      25
      19
      28
      21
      19
      23
      33
      27
      42
      42
      35
      46
      60
      59
      64
      81
      68
      82
      70
     100
      85
     122
     109
     151
     164
     144
     159
     179
     185
     205
     229
     242
     231
     261
     300
     307
     353
     377
     367
     403
     446
     441
     494
     502
     510
     522
     593
     623
     618
     642
     707
     702
     756
     793
     837
     795
     856
     925
     936
     977
    1073
    1096
    1099
    1150
    1131
    1165
    1220
    1237
    1232
    1323
    1366
    1303
    1421
    1363
    1481
    1416
    1421
    1460
    1587
    1520
    1523
    1576
    1548
    1579
    1543
    1512
    1565
    1528
    1652
    1560
    1571
    1672
    1581
    1579
    1578
    1577
    1586
    1533
    1560
    1479
    1468
    1498
    1467
    1545
    1511
    1491
    1412
    1480
    1443
    1404
    1337
    1319
    1375
    1364
    1253
    1285
    1221
    1240
    1277
    1159
    1108
    1136
    1132
    1064
    1042
    1075
    1025
    1007
     974
     951
     970
     909
     897
     890
     790
     805
     794
     787
     815
     780
     726
     690
     675
     646
     669
     660
     671
     600
     656
     583
     589
     567
     542
     536
     513
     532
     499
     453
     499
     482
     449
     432
     397
     406
     400
     403
     404
     409
     368
     340
     379
     344
     310
     358
     326
     297
     333
     295
     320
     276
     274
     245
     233
     271
     250
     252
     229
     241
     219
     216
     227
     196
     200
     185
     203
     168
     199
     203
     178
     180
     173
     156
     155
     134
     150
     145
     144
     123
     147
     132
     146
     122
     115
     122
     126
     138
      99
     112
     101
      97
     113
      83
      91
      74
      82
      95
      76
      92
      97
      89
      79
      64
      75
      63
      64
      66
      69
      74
      67
      52
      72
      51
      55
      60
      63
      49
      64
      49
      62
      48
      45
      57
      46
      48
      40
      53
      43
      42
      56
      40
      37
      41
      30
      44
      38
      31
      45
      34
      46
      35
      30
      40
      31
      29
      24
      26
      19
      27
      23
      22
      18
      23
      25
      30
      20
      25
      20
      15
      18
      20
      20
      25
      20
      23
      19
      20
      26
      18
      19
      21
      12
      20
      17
      13
      12
      13
      11
      14
      17
      12
      16
      13
       9
      11
      13
      12
       9
      13
      12
      10
      14
      14
       7
       5
      12
      16
       5
       4
      13
       9
      11
      12
       5
       9
      10
       9
       8
       9
       9
       7
       8
       8
       8
       8
       6
       9
       9
       7
      12
       5
       8
       4
       6
       8
       5
       3
      12
       6
       3
       5
       7
       9
       8
       6
       5
       1
       3
       5
       4
       5
       4
       3
       2
       4
       4
       6
       1
       6
       5
       5
       0
       6
       3
       4
       4
       2
       4
       6
       3
       6
       1
       6
       3
       2
       5
       4
       2
       3
       4
       6
       1
       5
       3
       2
       1
       3
       6
       1
       2
       2
       3
       1
       2
       3
       2
       2
       1
       3
       0
       3
       2
       3
       1
       5
       1
       1
       1
       0
       1
       1
       3
       1
       5
       0
       3
       3
       0
       3
       1
       1
       3
       2
       0
       2
       8
       3
       4
       7
       1
       2
       1
       3
       3
       1
       0
       3
       2
       3
       1
       6
       1
       2
       1
       1
       2
       2
       1
       2
       4
       1
       1
       5
       3
       2
       1
       2
       3
       2
       1
       1
       3
       3
       0
       3
       1
       1
       4
       0
       0
       1
       0
       0
       0
       0
       0
       2
       0
       1
       1
       0
       1
       0
       0
       2
       1
       0
       1
       1
       1
       1
       1
       0
       2
       2
       0
       0
       0
       2
       0
       1
       0
       0
       2
       0
       2
       0
       0
       4
       1
       2
       0
       4
       0
       0
       0
       1
       0
       1
       0
       2
       0
       1
       3
       1
       1
       2
       0
       0
       0
       3
       0
       0
       0
       0
       0
       0
       1
       2
       0
       1
       4
       1
       0
       2
       0
       0
       2
       0
       3
       0
       0
       1
       1
       1
       1
       1
       1
       1
       4
       1
       1
       0
       2
       0
       0
       2
       3
       2
       0
       2
       1
       0
       1
       3
       0
       1
       0
       7
       1
       0
       3
       1
       1
       0
       1
       0
       0
       3
       1
       0
       0
       2
       0
       0
       1
       0
       1
       0
       2
       1
       3
       0
       0
       2
       0
       1
       0
       1
       1
       1
       1
       1
       1
       2
       2
       1
       2
       0
       0
       2
       0
       0
       0
       1
       0
       0
       0
       1
       1
       0
       0
       1
       1
       3
       0
       0
       1
       0
       1
       0
       0
       0
       1
       0
       0
       0
       1
       3
       0
       0
       0
       0
       0
       1
       1
       0
       0
       0
       1
       0
       0
       3
       4
       0
       1
       0
       1
       1
       0
       0
       0
       0
       0
       1
       1
       1
       1
       1
       1
       3
       0
       1
       0
       2
       1
       1
       3
       0
       0
       0
       2
       1
       1
       1
       0
       1
       0
       1
       1
       0
       0
       0
       0
       0
       1
       1
       0
       0
       2
       2
       5
       1
       0
       0
       1
       1
       0
       0
       2
       1
       2
       0
       0
       0
       1
       0
       0
       1
       0
       0
       1
       0
       0
       0
       2
       2
       0
       0
       0
       1
       1
       1
       0
       2
       0
       2
       1
       0
       2
       0
       0
       0
       0
       1
       1
       0
       1
       0
       1
       0
       0
       1
       0
       1
       1
       0
       2
       0
       0
       2
       0
       1
       3
       0
       0
       2
       0
       0
       0
       0
       1
       2
       0
       1
       1
       0
       1
       0
       2
       0
       1
       0
       1
       1
       0
       1
       0
       0
       0
       1
       2
       0
       0
       2
       2
       0
       0
       0
       0
       0
       0
       0
       2
       1
       0
       1
       0
       0
       1
       0
       1
       0
       1
       0
       2
       1
       0
       0
       2
       1
       0
       0
       0
       0
       0
       0
       1
       3
       0
       2
       1
       0
       1
       1
       2
       1
       0
       0
       0
       0
       0
       1
       0
       0
       0
       0
       0
       1
       1
       0
       1
       1
       0
       2
       0
       0
       0
       1
       0
       0
       0
       0
       0
       0
       1
       1
       0
       0
       0
       2
       1
       1
       1
       2
       0
       1
       0
       1
       0
       1
       1
       1
       0
       1
       1
       0
       0
       2
       0
       0
       0
       0
       1
       1
       1
       1
       1
       1
       0
       1
       1
       0
       0
       1
       0
       0
       0
       1
       0
       0
       0
       0
       1
       1
       0
       1
       2
       1
       0
       0
       0
       0
       0
       0
       1
       1
       1
       0
       2
       1
       0
       0
       0
       1
       2
       1
       0
       0
       1
       1
       1
       1
       2
       0
       1
       0
       2
       0
       2
       1
       1
       2
       1
       0
       3
       2
       2
       1
       1
       1
       1
       0
       0
       1
       0
       0
       1
       1
       1
       0
       0
       0
       0
       0
       1
       0
       2
       0
       0
       1
       1
       1
       0
       0
       1
       0
       0
       0
       1
       0
       0
       1
       2
       0
       1
       1
       1
       0
       1
       1
       3
       0
       1
       0
       0
       1
       0
       2
       0
       2
       0
       0
       0
       2
       0
       2
       0
       0
       0
       1
       0
       3
       2
       1
       2
       0
       1
       0
       0
       1
       0
       1
       1
       1
       0
       1
       1
       1
       0
       3
       0
       0
       0
       1
       2
       0
       1
       1
       0
       0
       0
       1
       2
       0
       0
       0
       0
       3
       0
       1
       1
       0
       3
       0
       0
       0
       0
       1
       1
       1
       1
       0
       1
       0
       1
       0
       0
       0
       0
       1
       1
       0
       0
       0
       0
       2
       0
       0
       0
       1
       0
       0
       1
       0
       0
       0
       0
       0
       1
       0
       0
       1
       0
       1
       1
       0
       0
       1
       1
       0
       1
       1
       0
       0
       0
       0
       1
       1
       0
       0
       0
       1
       1
       0
       1
       0
       0
       0
       1
       1
       0
       1
       0
       1
       1
       0
       0
       1
       1
       0
       2
       0
       0
       2
       1
       0
       1
       1
       0
       1
       0
       0
       0
       1
       0
       1
       1
       1
       1
       2
       1
       2
       0
       1
       0
       1
       0
       0
       2
       0
       0
       0
       0
       1
       0
       1
       0
       0
       1
       1
       1
       1
       2
       1
       2
       0
       1
       0
       1
       0
       1
       0
       0
       0
       0
       1
       0
       0
       1
       1
       0
       0
       0
       0
       0
       0
       0
       0
       0
       2
       1
       0
       0
       0
       2
       0
       0
       1
       0
       0
       2
       0
       3
       1
       2
       1
       0
       0
       0
       0
       1
       0
       0
       0
       0
       1
       4
       0
       1
       1
       1
       0
       1
       0
       0
       1
       1
       0
       2
       0
       0
       0
       0
       0
       0
       1
       0
       0
       0
       0
       0
       2
       0
       0
       1
       0
       2
       0
       1
       0
       1
       2
       1
       0
       0
       1
       2
       1
       0
       1
       1
       1
       0
       0
       1
       0
       1
       1
       3
       0
       0
       0
       0
       0
       0
       0
       1
       0
       1
       1
       0
       0
       1
       1
       1
       0
       0
       0
       1
       1
       0
       0
       0
       1
       1
       1
       0
       0
       1
       0
       1
       0
       1
       0
       0
       1
       1
       0
       2
       2
       0
       1
       1
       1
       1
       1
       1
       0
       0
       2
       0
       0
       0
       2
       0
       0
       2
       0
       0
       0
       0
       0
       1
       1
       0
       0
       2
       2
       0
       1
       1
       0
       1
       0
       0
       1
       0
       2
       0
       0
       2
       1
       4
       2
       0
       2
       1
       0
       1
       0
       1
       0
       0
       0
       1
       0
       1
       0
       0
       0
       3
       2
       1
       0
       1
       0
       0
       0
       0
       0
       1
       0
       0
       2
       0
       1
       0
       0
       1
       0
       0
       1
       1
       0
       0
       0
       0
       0
       1
       0
       1
       1
       0
       0
       1
       0
       0
       0
       0
       1
       0
       0
       1
       0
       0
       1
       1
       0
       0
       0
       1
       0
       0
       0
       2
       1
       0
       0
       0
       1
       1
       0
       1
       2
       0
       0
       0
       1
       0
       0
       0
       0
       2
       2
       0
       0
       0
       2
       0
       1
       0
       0
       0
       0
       1
       1
       0
       1
       0
       0
       0
       0
       0
       1
       1
       1
       1
       2
       1
       0
       0
       0
       0
       0
       0
       0
       0
       3
       1
       0
       2
       1
       0
       2
       1
       0
       0
       0
       0
       1
       1
       0
       1
       0
       1
       0
       0
       0
       2
       0
       0
       0
       1
       1
       1
       2
       1
       1
       1
       1
       0
       0
       2
       1
       0
       1
       1
       0
       2
       1
       1
       0
       0
       0
       3
       0
       2
       1
       1
       0
       1
       1
       0
       1
       1
       0
       1
       0
       3
       2
       0
       2
       1
       0
       0
       0
       0
       0
       1
       0
       2
       0
       2
       0
       1
       1
       1
       2
       0
       1
       0
       1
       0
       0
       1
       0
       0
       2
       4
       0
       0
       1
       0
       0
       1
       0
       1
       1
       0
       1
       0
       0
       2
       1
       0
       0
       2
       0
       1
       1
       1
       0
       0
       0
       1
       2
       2
       0
       2
       0
       2
       1
       1
       0
       0
       0
       0
       2
       0
       1
       0
       0
       0
       1
       0
       3
       0
       0
       0
       1
       0
       0
       0
       2
       0
       0
       1
       1
       0
       0
       0
       1
       1
       2
       0
       0
       0
       0
       1
       1
       2
       0
       0
       0
       0
       0
       0
       1
       0
       1
       1
       0
       0
       0
       0
       0
       0
       0
       0
       1
       0
       0
       2
       1
       1
       2
       0
       0
       0
       0
       1
       0
       0
       0
       2
       0
       1
       1
       1
       0
       0
       1
       0
       0
       1
       2
       1
       1
       0
       1
       0
       2
       1
       0
       0
       0
       1
       2
       1
       0
       1
       0
       0
       0
       1
       0
       0
       2
       1
       2
       0
       0
       1
       2
       0
       1
       1
       0
       2
       1
       1
       0
       2
       1
       1
       1
       1
       2
       4
       2
       0
       0
       0
       0
       0
       0
       1
       2
       1
       0
       2
       0
       2
       0
       0
       1
       1
       1
       0
       1
       1
       1
       0
       2
       1
       1
       0
       1
       0
       2
       0
       0
       1
       1
       0
       0
       0
       0
       0
       0
       0
       3
       0
       1
       2
       1
       1
       0
       0
       1
       0
       1
       0
       0
       0
       1
       0
       1
       0
       0
       0
       1
       1
       1
       0
       1
       0
       0
       1
       2
       1
       0
       0
       1
       0
       0
       3
       0
       0
       1
       2
       0
       0
       0
       1
       0
       2
       0
       2
       0
       1
       0
       0
       1
       0
       0
       0
       1
       0
       0
       0
       0
       3
       0
       0
       0
       0
       0
       0
       0
       2
       1
       0
       0
       0
       1
       0
       2
       0
       1
       1
       0
       1
       0
       0
       0
       1
       0
       1
       2
       0
       1
       0
       2
       1
       1
       1
       1
       0
       1
       1
       0
       0
       0
       1
       1
       1
       0
       0
       0
       1
       0
       1
       2
       1
       0
       0
       0
       1
       0
       1
       1
       1
       0
       0
       3
       0
       0
       1
       0
       0
       1
       0
       1
       1
       1
       0
       0
       1
       1
       1
       1
       1
       0
       1
       0
       0
       0
       0
       0
       0
       0
       1
       0
       1
       0
       0
       0
       2
       2
       1
       0
       1
       1
       0
       0
       0
       2
       0
       0
       0
       2
       2
       0
       1
       0
       1
       0
       0
       0
       0
       0
       1
       1
       0
       3
       1
       1
       0
       0
       1
       0
       0
       0
       0
       0
       2
       0
       2
       0
       0
       1
       0
       1
       0
       1
       1
       0
       2
       0
       1
       0
       0
       0
       1
       2
       0
       0
       0
       1
       0
       0
       0
       0
       0
       0
       0
       0
       0
       2
       0
       0
       0
       0
       2
       3
       1
       0
       1
       1
       1
       0
       0
       1
       0
       1
       0
       0
       0
       0
       2
       0
       1
       0
       3
       1
       1
       1
       0
       1
       0
       1
       0
       0
       0
       0
       2
       1
       0
       0
       1
       1
       4
       1
       3
       1
       0
       2
       1
       0
       0
       1
       1
       0
       2
       1
       1
       0
       0
       0
       1
       2
       0
       0
       0
       0
       1
       0
       0
       1
       1
       0
       2
       0
       1
       1
       1
       1
       0
       0
       1
       0
       1
       1
       0
       0
       1
       0
       0
       2
       1
       0
       1
       0
       0
       1
       0
       0
       1
       0
       1
       0
       0
       0
       1
       1
       2
       1
       1
       0
       0
       0
       1
       0
       0
       0
       1
       1
       1
       1
       0
       0
       1
       0
       1
       1
       0
       0
       1
       0
       0
       1
       0
       0
       0
       1
       1
       0
       0
       0
       1
       0
       2
       0
       0
       0
       0
       0
       2
       0
       2
       1
       0
       2
       0
       1
       1
       2
       1
       0
       1
       0
       0
       1
       0
       0
       0
       0
       0
       0
       1
       0
       0
       0
       0
       1
       0
       2
       1
       0
       1
       2
       1
       0
       1
       1
       2
       0
       2
       0
       0
       0
       0
       0
       0
       1
       0
       1
       0
       0
       0
       0
       0
       1
       0
       2
       2
       0
       0
       0
       1
       0
       2
       0
       1
       0
       0
       0
       0
       1
       0
       2
       0
       1
       0
       0
       0
       1
       2
       0
       2
       0
       0
       0
       1
       1
       1
       0
       1
       1
       0
       0
       0
       0
       0
       1
       0
       2
       0
       2
       2
       1
       0
       3
       0
       0
       0
       0
       0
       1
       1
       2
       1
       0
       1
       0
       0
       0
       0
       2
       2
       0
       1
       0
       1
       1
       0
       0
       0
       0
       0
       0
       0
       0
       0
       1
       0
       0
       3
       0
       1
       0
       1
       3
       2
       2
       0
       0
       0
       1
       0
       1
       2
       1
       0
       1
       0
       0
       2
       0
       1
       1
       0
       0
       0
       0
       0
       0
       2
       0
       2
       0
       1
       0
       0
       1
       0
       0
       1
       2
       0
       1
       1
       0
       0
       0
       2
       0
       3
       0
       2
       0
       0
       0
       1
       1
       0
       1
       1
       0
       1
       0
       1
       0
       1
       1
       1
       1
       0
       1
       1
       1
       1
       1
       0
       0
       0
       0
       4
       1
       0
       1
       0
       1
       0
       1
       0
       0
       0
       1
       1
       1
       1
       0
       0
       1
       1
       2
       1
       1
       0
       0
       1
       2
       0
       2
       0
       1
       0
       0
       0
       1
       0
       0
       0
       0
       2
       0
       0
       1
       0
       1
       1
       0
       1
       1
       2
       0
       1
       0
       1
       0
       0
       2
       0
       2
       0
       1
       0
       0
       0
       0
       0
       0
       0
       0
       1
       1
       0
       0
       0
       2
       1
       0
       0
       0
       1
       0
       2
       0
       1
       0
       0
       1
       0
       0
       0
       0
       2
       0
       3
       0
       0
       0
       0
       0
       1
       0
       1
       0
       0
       0
       0
       1
       1
       0
       0
       2
       0
       2
       1
       0
       1
       4
       0
       0
       0
       0
       1
       0
       1
       1
       1
       0
       0
       0
       1
       1
       0
       0
       0
       0
       0
       1
       0
       0
       0
       2
       0
       0
       0
       2
       1
       0
       0
       0
       0
       0
       1
       0
       0
       3
       0
       2
       0
       0
       1
       0
       2
       1
       1
       0
       0
       0
       0
       1
       2
       1
       2
       0
       0
       0
       0
       0
       0
       0
       2
       1
       1
       0
       1
       0
       0
       0
       0
       0
       2
       4
       2
       1
       1
       0
       1
       0
       0
       1
       1
       0
       1
       0
       1
       0
       0
       0
       1
       1
       0
       0
       2
       0
       0
       1
       0
       0
       0
       1
       1
       0
       0
       2
       0
       0
       0
       0
       2
       1
       1
       0
       0
       0
       2
       1
       1
       1
       1
       1
       0
       0
       1
       0
       0
       1
       1
       0
       2
       3
       0
       1
       0
       1
       1
       0
       0
       1
       0
       1
       1
       0
       0
       2
       0
       1
       0
       1
       0
       1
       0
       0
       0
       1
       1
       1
       1
       0
       1
       0
       1
       1
       0
       1
       1
       0
       0
       1
       4
       0
       1
       0
       1
       0
       2
       3
       1
       2
       2
       1
       0
       1
       1
       0
       2
       2
       0
       0
       0
       1
       0
       0
       0
       1
       0
       1
       0
       1
       1
       0
       0
       2
       0
       0
       1
       0
       1
       1
       0
       1
       2
       0
       1
       1
       0
       0
       0
       2
       0
       1
       0
       0
       2
       1
       0
       0
       0
       1
       0
       0
       1
       2
       0
       0
       1
       2
       0
       1
       0
       2
       0
       1
       2
       0
       0
       0
       1
       0
       0
       1
       1
       0
       0
       1
       1
       1
       3
       0
       1
       0
       0
       2
       0
       0
       1
       0
       0
       1
       0
       1
       1
       0
       0
       0
       1
       1
       1
       1
       1
       0
       2
       1
       0
       1
       1
       0
       0
       1
       0
       1
       1
       0
       0
       0
       0
       2
       0
       0
       0
       0
       0
       0
       0
       0
       0
       0
       2
       0
       0
       0
       0
       0
       0
       1
       1
       0
       2
       0
       3
       2
       0
       1
       0
       0
       1
       2
       3
       0
       1
       0
       0
       0
       0
       3
       0
       1
       0
       0
       0
       1
       1
       1
       0
       2
       0
       1
       0
       0
       2
       0
       2
       0
       0
       0
       0
       0
       1
       0
       0
       0
       2
       1
       1
       1
       0
       0
       0
       0
       1
       0
       1
       1
       1
       0
       1
       1
       1
       0
       1
       0
       2
       1
       0
       1
       0
       0
       0
       0
       1
       2
       0
       1
       1
       0
       1
       0
       0
       0
       0
       1
       1
       0
       0
       1
       1
       1
       1
       1
       1
       2
       1
       1
       1
       0
       2
       0
       0
       0
       0
       0
       1
       1
       0
       1
       0
       0
       1
       1
       1
       1
       1
       1
       0
       0
       0
       0
       0
       0
       0
       2
       0
       0
       0
       0
       1
       1
       0
       1
       0
       0
       0
       0
       0
       0
       1
       0
       0
       2
       0
       0
       1
       1
       1
       2
       0
       2
       1
       0
       0
       0
       0
       0
       0
       0
       0
       1
       0
       1
       0
       1
       0
       1
       0
       0
       1
       0
       0
       0
       1
       0
       0
       0
       0
       1
       0
       2
       2
       1
       2
       0
       0
       1
       0
       1
       1
       2
       0
       1
       2
       2
       3
       0
       0
       0
       0
       1
       0
       0
       1
       0
       0
       1
       1
       0
       0
       1
       1
       0
       1
       0
       0
       1
       0
       1
       0
       1
       0
       0
       0
       2
       0
       0
       0
       0
       4
       0
       0
       1
       2
       0
       0
       1
       1
       1
       2
       0
       2
       0
       0
       2
       0
       0
       1
       0
       0
       1
       0
       1
       0
       1
       1
       0
       0
       1
       1
       1
       1
       1
       2
       0
       1
       1
       1
       1
       0
       1
       0
       1
       0
       0
       1
       0
       0
       1
       0
       0
       1
       2
       1
       0
       1
       0
       0
       1
       2
       0
       0
       0
       0
       1
       1
       1
       0
       1
       0
       0
       0
       0
       1
       1
       0
       0
       0
       0
       1
       1
       2
       0
       0
       1
       1
       1
       1
       2
       1
       0
       0
       1
       1
       0
       1
       0
       1
       2
       1
       1
       0
       1
       0
       1
       0
       2
       0
       1
       0
       0
       2
       2
       0
       1
       3
       0
       2
       2
       0
       0
       1
       0
       1
       2
       0
       0
       1
       1
       0
       0
       0
       0
       1
       1
       0
       1
       0
       1
       0
       0
       2
       0
       1
       0
       0
       0
       1
       0
       0
       1
       2
       0
       0
       0
       1
       1
       1
       0
       0
       0
       0
       0
       0
       0
       1
       0
       1
       0
       1
       0
       2
       0
       0
       1
       2
       0
       4
       0
       2
       0
       0
       1
       0
       0
       0
       1
       1
       0
       0
       0
       0
       1
       1
       1
       0
       1
       0
       0
       0
       0
       0
       2
       0
       0
       0
       0
       0
       2
       0
       0
       0
       2
       1
       0
       0
       1
       0
       0
       0
       0
       0
       0
       1
       1
       0
       0
       1
       2
       0
       0
       0
       0
       0
       0
       0
       0
       2
       0
       0
       0
       0
       0
       1
       2
       0
       1
       0
       1
       4
       1
       1
       1
       0
       0
       1
       2
       0
       0
       0
       2
       0
       2
       0
       2
       0
       2
       1
       1
       1
       0
       1
       3
       0
       0
       2
       2
       0
       1
       1
       0
       0
       0
       0
       0
       1
       1
       0
       2
       0
       0
       0
       1
       2
       2
       0
       1
       0
       1
       1
       0
       0
       1
       0
       0
       0
       0
       2
       0
       1
       2
       1
       2
       0
       0
       0
       2
       0
       0
       0
       1
       0
       0
       1
       1
       1
       2
       1
       0
       2
       1
       0
       1
       0
       1
       1
       1
       0
       0
       0
       2
       2
       0
       0
       0
       0
       1
       0
       0
       1
       0
       0
       1
       1
       0
       2
       1
       1
       1
       0
       0
       2
       1
       0
       1
       1
       1
       1
       0
       0
       0
       2
       0
       1
       1
       0
       0
       0
       1
       0
       2
       0
       0
       0
       1
       0
       1
       1
       0
       0
       0
       1
       0
       0
       0
       1
       2
       1
       0
       0
       1
       1
       1
       1
       1
       1
       0
       0
       0
       0
       1
       0
       0
       0
       0
       0
       1
       0
       2
       1
       2
       0
       0
       1
       0
       2
       0
       0
       0
       0
       0
       1
       0
       1
       1
       0
       1
       1
       0
       1
       0
       0
       2
       0
       0
       0
       0
       2
       0
       1
       0
       1
       0
       0
       0
       0
       1
       0
       0
       2
       0
       2
       0
       0
       1
       0
       0
       0
       0
       1
       1
       0
       0
       0
       1
       2
       0
       2
       1
       0
       2
       0
       0
       1
       1
       1
       1
       1
       3
       0
       1
       0
       0
       1
       2
       1
       0
       0
       1
       0
       0
       1
       0
       1
       0
       0
       0
       2
       0
       0
       2
       0
       2
       1
       0
       1
       1
       0
       0
       1
       1
       2
       1
       0
       1
       0
       1
       0
       1
       0
       1
       0
       0
       0
       1
       0
       1
       2
       1
       0
       0
       2
       0
       0
       2
       1
       2
       1
       0
       0
       1
       1
       0
       1
       1
       0
       1
       0
       0
       2
       0
       1
       0
       0
       0
       0
       1
       0
       0
       0
       1
       2
       0
       1
       0
       0
       0
       0
       0
       0
       0
       0
       2
       2
       0
       1
       0
       1
       0
       1
       0
       0
       0
       1
       0
       1
       0
       1
       1
       0
       1
       2
       1
       0
       0
       0
       0
       0
       1
       0
       2
       0
       2
       1
       2
       1
       1
       1
       1
       2
       0
       0
       0
       0
       1
       2
       1
       0
       1
       1
       0
       0
       0
       0
       1
       1
       1
       0
       3
       0
       0
       2
       2
       0
       1
       1
       2
       1
       1
       0
       0
       1
       0
       0
       0
       1
       2
       1
       0
       0
       1
       1
       0
       1
       1
       2
       0
       1
       0
       0
       0
       0
       1
       1
       0
       1
       0
       0
       1
       1
       0
       0
       1
       1
       1
       2
       1
       0
       1
       1
       0
       0
       0
       1
       0
       0
       0
       1
       3
       0
       1
       0
       3
       0
       0
       1
       0
       0
       0
       1
       0
       1
       2
       0
       0
       0
       0
       0
       0
       0
       0
       1
       1
       0
       2
       1
       0
       0
       0
       1
       0
       1
       1
       1
       0
       0
       0
       0
       0
       1
       1
       0
       1
       0
       0
       0
       0
       0
       0
       1
       0
       1
       1
       0
       1
       1
       0
       1
       2
       0
       1
       0
       1
       2
       2
       0
       0
       0
       0
       1
       0
       1
       0
       0
       1
       1
       0
       1
       1
       0
       0
       0
       1
       1
       1
       1
       0
       1
       0
       1
       0
       1
       0
       1
       1
       1
       1
       0
       0
       0
       0
       2
       0
       1
       2
       0
       0
       0
       0
       1
       0
       1
       0
       1
       1
       1
       1
       1
       0
       0
       1
       0
       1
       3
       2
       1
       1
       1
       0
       2
       1
       0
       1
       0
       2
       1
       0
       0
       1
       1
       0
       1
       0
       0
       0
       1
       0
       0
       0
       1
       1
       0
       0
       2
       2
       0
       0
       0
       0
       1
       1
       1
       1
       0
       0
       0
       0
       1
       0
       0
       0
       1
       1
       1
       1
       0
       1
       0
       1
       2
       0
       1
       0
       1
       1
       0
       1
       0
       0
       0
       0
       0
       0
       0
       0
       3
       0
       0
       0
       2
       0
       1
       1
       1
       0
       0
       0
       4
       1
       1
       1
       0
       1
       0
       0
       0
       0
       0
       1
       1
       0
       1
       1
       0
       0
       1
       1
       0
       0
       1
       2
       1
       1
       1
       1
       1
       1
       0
       0
       1
       0
       0
       1
       0
       0
       1
       0
       1
       1
       0
       2
       0
       1
       1
       1
       0
       1
       1
       2
       0
       0
       0
       2
       0
       0
       1
       0
       0
       0
       1
       1
       0
       1
       1
       0
       1
       0
       2
       0
       0
       0
       1
       0
       0
       1
       1
       0
       0
       2
       1
       0
       0
       0
       2
       0
       1
       2
       0
       1
       2
       0
       0
       0
       0
       0
       0
       1
       0
       0
       0
       1
       0
       0
       0
       2
       1
       1
       1
       1
       0
       0
       1
       0
       1
       0
       0
       0
       2
       0
       0
       1
       1
       0
       1
       1
       0
       0
       1
       0
       1
       1
       0
       1
       1
       0
       1
       0
       2
       0
       1
       0
       0
       0
       1
       0
       3
       1
       0
       0
       5
       1
       0
       0
       0
       1
       0
       1
       1
       1
       0
       1
       1
       1
       0
       0
       2
       0
       0
       3
       1
       1
       0
       2
       2
       0
       1
       0
       0
       1
       0
       0
       0
       0
       1
       1
       1
       0
       0
       0
       2
       1
       1
       1
       2
       0
       2
       0
       0
       0
       0
       0
       1
       0
       0
       0
       0
       3
       1
       0
       0
       0
       0
       1
       0
       0
       0
       0
       0
       2
       0
       1
       0
       1
       0
       0
       0
       0
       0
       3
       0
       1
       2
       1
       1
       0
       0
       0
       1
       1
       0
       0
       0
       0
       1
       0
       0
       1
       2
       3
       2
       0
       0
       2
       0
       0
       1
       0
       2
       0
       0
       1
       0
       0
       0
       1
       0
       0
       1
       1
       1
       1
       2
       1
       0
       2
       0
       0
       0
       2
       0
       0
       2
       0
       0
       0
       0
       1
       1
       0
       2
       2
       1
       3
       0
       0
       0
       0
       1
       1
       2
       1
       0
       1
       1
       0
       0
       0
       0
       0
       2
       0
       0
       3
       2
       2
       0
       0
       0
       1
       1
       0
       0
       0
       0
       1
       1
       0
       1
       0
       0
       0
       2
       2
       2
       2
       0
       1
       1
       0
       0
       0
       0
       1
       1
       1
       0
       1
       2
       1
       2
       0
       0
       0
       0
       0
       1
       0
       0
       1
       0
       1
       0
       0
       0
       0
       1
       0
       0
       1
       1
       0
       1
       0
       1
       1
       0
       1
       0
       0
       0
       0
       1
       1
       1
       0
       1
       0
       1
       0
       0
       1
       0
       0
       0
       1
       1
       0
       0
       2
       0
       0
       0
       0
       0
       0
       0
       1
       1
       0
       0
       0
       0
       0
       0
       0
       1
       0
       1
       0
       1
       2
       1
       1
       0
       0
       0
       1
       1
       2
       1
       0
       1
       0
       0
       1
       0
       1
       0
       2
       0
       0
       1
       1
       0
       2
       3
       1
       0
       1
       0
       2
       0
       1
       0
       1
       1
       0
       2
       1
       0
       0
       0
       1
       0
       0
       0
       0
       1
       0
       1
       0
       0
       0
       0
       1
       0
       0
       0
       2
       0
       0
       1
       0
       0
       0
       3
       0
       1
       2
       1
       1
       1
       0
       1
       0
       0
       0
       0
       1
       0
       2
       0
       0
       1
       0
       3
       0
       0
       1
       2
       0
       0
       2
       0
       0
       0
       0
       0
       1
       1
       1
       0
       2
       2
       1
       0
       2
       0
       1
       0
       0
       0
       0
       0
       1
       0
       1
       1
       1
       0
       0
       0
       1
       2
       0
       1
       2
       0
       1
       0
       1
       1
       0
       1
       2
       0
       0
       0
       0
       0
       2
       1
       0
       2
       0
       0
       0
       3
       1
       0
       0
       0
       2
       0
       0
       0
       0
       0
       1
       0
       2
       0
       1
       0
       0
       0
       1
       1
       1
       1
       1
       2
       1
       0
       0
       3
       0
       0
       1
       0
       1
       0
       1
       1
       1
       0
       1
       0
       0
       0
       1
       0
       1
       0
       0
       0
       1
       0
       0
       1
       0
       2
       0
       0
       0
       0
       2
       1
       0
       1
       2
       0
       0
       1
       0
       2
       0
       0
       2
       0
       1
       0
       1
       0
       1
       2
       0
       0
       0
       1
       0
       0
       0
       0
       0
       0
       0
       0
       0
       0
       0
       1
       0
       1
       0
       1
       0
       1
       1
       0
       1
       0
       1
       0
       1
       0
       1
       0
       1
       0
       2
       0
       2
       1
       1
       0
       0
       0
       2
       0
       0
       0
       0
       0
       0
       1
       1
       0
       1
       2
       0
       2
       1
       1
       0
       1
       1
       1
       0
       1
       2
       1
       2
       0
       1
       0
       0
       0
       0
       0
       0
       0
       2
       0
       0
       0
       0
       1
       1
       1
       0
       0
       1
       0
       1
       0
       2
       1
       0
       1
       2
       1
       0
       0
       1
       1
       1
       1
       2
       0
       2
       2
       0
       1
       0
       0
       0
       2
       1
       0
       2
       0
       0
       0
       1
       2
       1
       0
       1
       1
       1
       0
       1
       1
       0
       1
       1
       2
       1
       0
       0
       1
       1
       1
       2
       2
       1
       0
       0
       0
       0
       0
       1
       1
       0
       3
       0
       0
       1
       0
       0
       2
       0
       0
       0
       2
       0
       0
       0
       3
       1
       1
       0
       0
       1
       0
       1
       0
       1
       1
       2
       0
       1
       0
       1
       0
       0
       0
       1
       0
       1
       0
       0
       1
       1
       0
       0
       1
       0
       0
       1
       0
       2
       1
       1
       1
       0
       1
       1
       0
       2
       1
       1
       2
       0
       2
       1
       2
       0
       0
       0
       2
       0
       0
       0
       0
       1
       0
       0
       2
       0
       0
       2
       1
       1
       0
       0
       2
       1
       0
       0
       3
       1
       1
       2
       0
       2
       1
       1
       2
       1
       0
       0
       1
       0
       0
       0
       0
       0
       0
       0
       0
       0
       1
       2
       0
       0
       0
       0
       0
       0
       0
       0
       2
       0
       1
       1
       0
       0
       0
       0
       0
       0
       0
       0
       0
       0
       0
       0
       0
       0
       0
       1
       0
       0
       0
       1
       0
       0
       0
       1
       2
       0
       0
       1
       0
       0
       1
       1
       2
       0
       0
       1
       0
       0
       1
       0
       1
       2
       0
       1
       0
       0
       1
       0
       0
       0
       0
       0
       0
       2
       1
       0
       0
       1
       0
       1
       0
       0
       1
       0
       0
       0
       0
       1
       1
       1
       0
       0
       1
       0
       2
       0
       0
       2
       0
       0
       1
       0
       1
       0
       0
       1
       0
       1
       2
       2
       2
       0
       1
       0
       0
       0
       0
       1
       0
       0
       0
       0
       0
       0
       1
       1
       0
       0
       0
       1
       0
       1
       1
       0
       0
       3
       1
       1
       0
       0
       0
       0
       0
       1
       3
       0
       1
       0
       0
       0
       0
       0
       1
       0
       0
       0
       2
       2
       3
       2
       0
       1
       0
       1
       1
       1
       1
       1
       0
       0
       1
       1
       2
       2
       1
       1
       1
       1
       0
       0
       1
       0
       0
       0
       2
       0
       0
       0
       0
       0
       0
       1
       0
       0
       0
       0
       0
       0
       1
       1
       1
       1
       0
       1
       0
       0
       1
       2
       0
       0
       0
       0
       0
       0
       0
       1
       0
       1
       0
       1
       1
       2
       1
       0
       3
       2
       1
       0
       1
       0
       0
       1
       0
       0
       1
       0
       0
       2
       1
       0
       1
       0
       0
       0
       2
       0
       2
       0
       0
       2
       0
       3
       1
       0
       2
       1
       1
       1
       0
       0
       0
       0
       1
       0
       0
       0
       1
       0
       3
       2
       0
       0
       1
       0
       1
       0
       0
       0
       1
       0
       1
       1
       0
       0
       2
       1
       1
       0
       0
       1
       0
       2
       0
       0
       1
       0
       0
       0
       3
       3
       2
       2
       0
       1
       1
       1
       0
       0
       0
       0
       0
       1
       1
       2
       1
       0
       0
       0
       1
       0
       0
       1
       1
       0
       1
       0
       0
       0
       1
       0
       1
       0
       1
       0
       0
       0
       3
       0
       1
       2
       0
       0
       0
       1
       1
       1
       1
       1
       1
       0
       0
       0
       0
       0
       2
       1
       0
       1
       1
       0
       2
       0
       1
       1
       1
       0
       0
       2
       1
       1
       0
       2
       1
       0
       1
       1
       2
       0
       2
       0
       0
       3
       0
       0
       1
       0
       0
       0
       0
       1
       1
       0
       0
       1
       0
       0
       0
       0
       1
       0
       0
       0
       3
       1
       0
       0
       0
       3
       0
       0
       1
       0
       0
       0
       1
       0
       1
       2
       0
       0
       0
       1
       0
       1
       0
       1
       0
       2
       0
       0
       0
       0
       1
       1
       1
       1
       4
       0
       0
       1
       1
       1
       1
       0
       0
       2
       0
       0
       0
       0
       0
       0
       2
       0
       1
       0
       0
       0
       0
       2
       0
       1
       0
       3
       2
       2
       0
       2
       1
       1
       0
       0
       0
       1
       2
       0
       0
       2
       0
       0
       1
       1
       1
       0
       0
       0
       0
       0
       0
       1
       1
       0
       1
       2
       0
       0
       0
       0
       0
       0
       1
       0
       0
       0
       1
       1
       1
       0
       1
       1
       1
       1
       3
       0
       1
       0
       1
       1
       0
       0
       0
       0
       1
       0
       0
       0
       0
       2
       1
       0
       1
       2
       0
       1
       1
       1
       0
       0
       3
       1
       0
       2
       0
       1
       0
       1
       1
       0
       1
       1
       1
       1
       1
       1
       0
       0
       0
       0
       1
       0
       0
       1
       0
       2
       0
       0
       1
       0
       1
       0
       1
       0
       1
       0
       2
       1
       0
       1
       0
       0
       2
       0
       2
       0
       0
       2
       0
       0
       0
       0
       1
       1
       0
       0
       1
       0
       0
       1
       0
       0
       0
       0
       0
       1
       0
       0
       1
       0
       0
       2
       1
       0
       1
       2
       0
       0
       1
       1
       0
       0
       0
       0
       2
       0
       0
       0
       0
       0
       0
       1
       0
       0
       0
       1
       0
       0
       2
       1
       0
       2
       0
       0
       3
       0
       0
       1
       1
       1
       0
       0
       0
       0
       0
       1
       1
       1
       0
       1
       1
       0
       2
       1
       1
       2
       0
       0
       1
       0
       1
       0
       0
       1
       1
       0
       0
       0
       1
       2
       1
       0
       1
       1
       0
       1
       0
       1
       1
       1
       0
       0
       1
       0
       1
       1
       0
       0
       0
       2
       1
       0
       1
       1
       0
       0
       1
       1
       0
       0
       0
       0
       0
       1
       0
       1
       1
       0
       0
       1
       0
       0
       0
       1
       2
       0
       2
       0
       0
       1
       0
       1
       2
       1
       0
       1
       0
       3
       0
       0
       2
       0
       2
       0
       0
       1
       0
       1
       0
       0
       2
       0
       2
       0
       0
       0
       1
       0
       0
       0
       0
       0
       1
       0
       0
       4
       0
       0
       1
       0
       1
       0
       0
       1
       0
       1
       1
       0
       0
       2
       0
       0
       0
       0
       1
       1
       1
       1
       1
       1
       0
       0
       0
       1
       0
       0
       0
       0
       1
       0
       1
       1
       2
       0
       0
       0
       0
       1
       2
       1
       0
       1
       1
       1
       0
       1
       1
       2
       0
       0
       0
       1
       0
       1
       2
       0
       1
       0
       1
       0
       1
       0
       0
       0
       1
       0
       1
       0
       0
       0
       0
       0
       0
       0
       0
       1
       1
       0
       1
       1
       0
       0
       0
       0
       1
       0
       4
       0
       2
       1
       1
       0
       0
       0
       0
       3
       1
       2
       0
       1
       0
       1
       0
       0
       0
       2
       0
       0
       0
       0
       0
       0
       0
       0
       0
       1
       0
       0
       0
       0
       0
       0
       1
       0
       0
       1
       1
       0
       0
       0
       1
       1
       0
       1
       0
       0
       1
       0
       1
       0
       1
       0
       0
       3
       0
       0
       1
       0
       1
       0
       0
       0
       0
       0
       0
       0
       0
       0
       0
       0
       0
       0
       0
       1
       0
       1
       0
       1
       1
       0
       1
       0
       0
       1
       1
       0
       0
       0
       3
       0
       1
       1
       0
       0
       1
       0
       0
       1
       0
       0
       1
       0
       0
       0
       1
       0
       1
       0
       0
       0
       0
       0
       0
       0
       0
       0
       0
       1
       0
       0
       1
       4
       0
       1
       0
       2
       1
       1
       1
       1
       2
       0
       1
       0
       0
       0
       0
       1
       1
       2
       0
       0
       0
       1
       0
       1
       1
       0
       0
       0
       0
       0
       0
       1
       1
       2
       1
       1
       0
       3
       0
       2
       0
       1
       0
       0
       0
       0
       2
       0
       0
       0
       2
       0
       1
       0
       1
       0
       0
       1
       1
       1
       0
       1
       1
       1
       0
       1
       0
       2
       0
       1
       2
       0
       0
       0
       0
       0
       0
       0
       0
       0
       0
       1
       1
       0
       1
       0
       0
       0
       0
       1
       0
       1
       0
       2
       0
       3
       0
       1
       1
       0
       2
       0
       0
       0
       0
       0
       0
       0
       0
       0
       1
       0
       2
       2
       0
       2
       0
       0
       0
       2
       0
       1
       0
       0
       0
       0
       0
       0
       1
       1
       0
       1
       0
       1
       1
       1
       2
       1
       1
       0
       2
       0
       1
       0
       2
       2
       0
       0
       0
       1
       0
       0
       2
       0
       1
       1
       1
       0
       1
       1
       0
       2
       0
       2
       1
       1
       0
       3
       2
       2
       1
       1
       2
       1
       0
       0
       0
       3
       1
       0
       1
       2
       0
       0
       1
       1
       0
       2
       2
       1
       0
       2
       1
       0
       0
       1
       3
       1
       3
       1
       0
       0
       1
       1
       0
       0
       1
       0
       1
       0
       0
       1
       0
       0
       1
       1
       2
       0
       2
       2
       0
       1
       0
       0
       0
       0
       1
       2
       0
       0
       0
       0
       0
       1
       1
       1
       0
       1
       0
       1
       1
       1
       2
       0
       1
       2
       0
       0
       4
       0
       1
       0
       0
       0
       0
       0
       1
       0
       1
       0
       1
       0
       0
       0
       1
       0
       1
       0
       0
       1
       1
       1
       0
       0
       0
       0
       1
       1
       0
       0
       0
       0
       0
       0
       0
       0
       0
       0
       0
       0
       1
       0
       0
       1
       0
       0
       0
       0
       0
       0
       0
       0
       0
       1
       1
       0
       0
       0
       0
       0
       0
       1
       0
       0
       0
       0
       0
       0
       0
       0
       0
       0
       0
       1
       0
       0
       0
       0
       1
       0
       0
       0
       0
       0
       0
       0
       0
       0
       0
       0
       0
$ROI:
1
1943 2495
$PRESETS:
Live Time
14400
0
$ENER_FIT:
0.000000 0.000000
$MCA_CAL:
3
0.000000E+000 0.000000E+000 0.000000E+000 
$SHAPE_CAL:
3
0.000000E+000 0.000000E+000 0.000000E+000
