$SPEC_ID:
No sample description was entered.
$SPEC_REM:
DET# 1
DETDESC# S047331 MCB 337
AP# Maestro Version 7.01
$DATE_MEA:
08/11/2018 23:41:22
$MEAS_TIM:
14400 14401
$DATA:
0 8191
       0
       0
       0
       0
       0
       0
       0
       0
       0
       0
       0
       0
       0
       0
       0
       0
       0
       0
       0
       0
       0
       0
       0
       0
       0
       0
       0
       0
       0
       0
       0
       0
       0
       0
       0
       0
       0
       0
       0
       0
       0
       0
       0
       0
       0
       0
       0
       0
       0
       0
       0
       0
       0
       0
       0
       0
       0
       0
       0
       0
       0
       0
       0
       0
       0
       0
       0
       0
       0
       0
       0
       0
       0
       0
       0
       0
       0
       0
       0
       0
       0
       0
       0
       0
       0
       0
       0
       0
       0
       0
       0
       0
       0
       0
       0
       0
       0
       0
       0
       0
       0
       0
       0
       0
       0
       0
       0
       0
       0
       0
       0
       0
       0
       0
       0
       0
       0
       0
       0
       0
       0
       0
       0
       0
       0
       0
       0
       0
       0
       0
       0
       0
       0
       0
       0
       0
       0
       0
       0
       0
       0
       0
       0
       0
       0
       0
       0
       0
       0
       0
       0
       0
       0
       0
       0
       0
       0
       0
       0
       0
       0
       0
       0
       0
       0
       0
       0
       0
       0
       0
       0
       0
       0
       0
       0
       0
       0
       0
       0
       0
       0
       0
       0
       0
       0
       0
       0
       0
       0
       0
       0
       0
       0
       0
       0
       0
       0
       0
       0
       0
       0
       0
       0
       0
       0
       0
       0
       0
       0
       0
       0
       0
       0
       0
       0
       0
       0
       0
       0
       0
       0
       0
       0
       0
       0
       0
       0
       0
       0
       0
       0
       0
       0
       0
       0
       0
       0
       0
       0
       0
       0
       0
       0
       0
       0
       0
       0
       0
       0
       0
       0
       0
       0
       0
       0
       0
       0
       0
       0
       0
       0
       0
       0
       0
       0
       0
       0
       0
       0
       0
       0
       0
       0
       0
       0
       0
       0
       0
       0
       0
       0
       0
       0
       0
       0
       0
       0
       0
       0
       0
       0
       0
       0
       0
       0
       0
       0
       0
       0
       0
       0
       0
       0
       0
       0
       0
       0
       0
       0
       0
       0
       0
       0
       0
       0
       0
       0
       0
       0
       0
       0
       0
       0
       0
       0
       0
       0
       0
       0
       0
       0
       0
       0
       0
       0
       0
       0
       0
       0
       0
       0
       0
       0
       0
       0
       0
       0
       0
       0
       0
       0
       0
       0
       0
       0
       0
       0
       0
       0
       0
       0
       0
       0
       0
       0
       0
       0
       0
       0
       0
       0
       0
       0
       0
       0
       0
       0
       0
       0
       0
       0
       0
       0
       0
       0
       0
       0
       0
       0
       0
       0
       0
       0
       0
       0
       0
       0
       0
       0
       0
       0
       0
       0
       0
       0
       0
       0
       0
       0
       0
       0
       0
       0
       0
       0
       0
       0
       0
       0
       0
       0
       0
       0
       0
       0
       0
       0
       0
       0
       0
       0
       0
       0
       0
       0
       0
       0
       0
       0
       0
       0
       0
       0
       0
       0
       0
       0
       0
       0
       0
       0
       0
       0
       0
       0
       0
       0
       0
       0
       0
       0
       0
       0
       0
       0
       0
       0
       0
       0
       0
       0
       0
       0
       0
       0
       0
       0
       0
       0
       0
       0
       0
       0
       0
       0
       0
       0
       0
       0
       0
       0
       0
       0
       0
       0
       0
       0
       0
       0
       0
       0
       0
       0
       0
       0
       0
       0
       0
       0
       0
       0
       0
       0
       0
       0
       0
       0
       0
       0
       0
       0
       0
       0
       0
       0
       0
       0
       0
       0
       0
       0
       0
       0
       0
       0
       0
       0
       0
       0
       0
       0
       0
       0
       0
       0
       0
       0
       0
       0
       0
       0
       0
       0
       0
       0
       0
       0
       0
       0
       0
       0
       0
       0
       0
       0
       0
       0
       0
       0
       0
       0
       0
       0
       0
       0
       0
       0
       0
       0
       0
       0
       0
       0
       0
       0
       0
       0
       0
       0
       1
       0
       0
       0
       1
       0
       0
       0
       2
       0
       1
       0
       0
       1
       0
       0
       0
       0
       0
       2
       2
       0
       0
       1
       0
       2
       1
       2
       1
       2
       0
       0
       1
       0
       1
       1
       1
       1
       0
       1
       0
       2
       0
       0
       2
       1
       2
       1
       0
       0
       0
       0
       0
       1
       1
       0
       1
       1
       0
       0
       0
       0
       1
       1
       2
       1
       2
       1
       0
       0
       0
       2
       0
       0
       1
       0
       0
       0
       0
       2
       0
       0
       0
       2
       0
       0
       0
       0
       0
       0
       1
       0
       1
       3
       1
       0
       0
       0
       3
       0
       0
       1
       0
       2
       2
       0
       2
       0
       1
       1
       2
       0
       2
       0
       0
       0
       0
       1
       0
       1
       0
       2
       0
       0
       1
       0
       1
       0
       0
       1
       1
       2
       0
       0
       0
       1
       2
       1
       0
       2
       0
       0
       0
       0
       1
       1
       0
       0
       0
       1
       0
       0
       0
       0
       1
       0
       2
       2
       1
       0
       0
       2
       0
       1
       0
       1
       1
       1
       2
       3
       0
       0
       0
       1
       1
       0
       0
       0
       1
       0
       0
       0
       0
       3
       0
       0
       0
       0
       1
       1
       1
       0
       1
       1
       1
       0
       1
       0
       1
       0
       2
       0
       0
       0
       1
       0
       1
       1
       0
       0
       0
       1
       1
       0
       1
       2
       3
       1
       1
       0
       1
       0
       1
       0
       0
       1
       3
       2
       1
       0
       1
       2
       2
       0
       0
       1
       0
       0
       0
       0
       1
       1
       0
       0
       2
       0
       0
       1
       0
       0
       0
       0
       0
       0
       2
       1
       1
       2
       1
       1
       1
       0
       0
       0
       0
       0
       0
       2
       1
       0
       0
       0
       0
       1
       0
       1
       1
       0
       0
       1
       0
       0
       1
       2
       1
       1
       1
       1
       1
       0
       0
       1
       2
       0
       0
       1
       1
       0
       2
       0
       0
       4
       0
       0
       2
       0
       1
       2
       0
       0
       0
       1
       1
       0
       0
       0
       1
       1
       0
       1
       0
       0
       1
       0
       0
       1
       1
       0
       0
       0
       0
       0
       1
       0
       0
       0
       1
       3
       0
       0
       0
       2
       0
       0
       0
       0
       1
       1
       1
       0
       0
       1
       1
       1
       1
       0
       1
       1
       0
       0
       0
       2
       0
       3
       1
       0
       1
       0
       0
       1
       1
       0
       1
       0
       0
       0
       1
       1
       0
       0
       0
       2
       1
       0
       0
       0
       0
       0
       1
       0
       0
       0
       0
       1
       1
       0
       1
       0
       0
       2
       0
       1
       0
       3
       0
       0
       2
       0
       1
       0
       0
       1
       1
       0
       2
       1
       0
       0
       1
       0
       1
       1
       1
       0
       1
       1
       0
       1
       0
       1
       1
       1
       0
       2
       0
       2
       2
       1
       1
       2
       0
       1
       0
       2
       1
       0
       2
       1
       0
       1
       0
       2
       0
       1
       0
       0
       0
       1
       0
       0
       1
       0
       0
       1
       0
       0
       0
       0
       1
       2
       0
       0
       0
       0
       0
       1
       0
       1
       1
       0
       0
       0
       0
       0
       1
       1
       1
       1
       0
       0
       1
       1
       0
       1
       0
       0
       0
       0
       0
       1
       1
       0
       0
       0
       0
       1
       1
       0
       2
       1
       0
       0
       1
       0
       2
       0
       0
       0
       0
       0
       1
       0
       0
       0
       0
       1
       1
       0
       0
       1
       1
       1
       1
       0
       1
       1
       1
       0
       2
       0
       1
       0
       0
       0
       0
       1
       0
       0
       0
       1
       0
       1
       1
       1
       0
       1
       2
       0
       0
       0
       0
       0
       2
       0
       1
       1
       1
       0
       0
       0
       0
       0
       0
       1
       0
       1
       0
       1
       0
       0
       1
       0
       1
       0
       0
       0
       1
       0
       1
       0
       0
       1
       0
       1
       2
       1
       0
       3
       1
       3
       1
       1
       3
       0
       3
       0
       0
       0
       0
       1
       2
       2
       0
       3
       0
       0
       1
       0
       0
       0
       0
       1
       1
       1
       0
       1
       0
       0
       0
       0
       1
       1
       1
       0
       1
       0
       1
       0
       1
       0
       0
       0
       0
       0
       0
       2
       2
       1
       1
       2
       1
       0
       2
       1
       0
       0
       1
       1
       0
       0
       0
       0
       0
       0
       0
       1
       1
       2
       0
       1
       1
       0
       1
       0
       0
       2
       1
       0
       1
       0
       1
       1
       1
       0
       0
       1
       1
       1
       0
       0
       0
       0
       2
       0
       0
       0
       1
       0
       1
       0
       2
       0
       0
       2
       2
       0
       0
       0
       0
       1
       2
       1
       0
       1
       0
       1
       0
       2
       1
       2
       0
       1
       0
       1
       0
       0
       1
       1
       0
       0
       0
       1
       0
       3
       0
       0
       1
       0
       1
       0
       1
       2
       0
       0
       0
       0
       0
       1
       0
       1
       0
       0
       0
       1
       0
       1
       0
       0
       0
       2
       0
       0
       0
       0
       0
       2
       0
       0
       0
       0
       0
       0
       0
       1
       0
       0
       1
       1
       0
       1
       0
       0
       1
       1
       1
       0
       0
       0
       0
       0
       1
       0
       0
       0
       0
       0
       1
       0
       0
       0
       0
       0
       0
       0
       0
       0
       1
       0
       0
       2
       1
       1
       0
       1
       0
       0
       0
       0
       0
       1
       1
       0
       0
       1
       1
       0
       0
       0
       4
       0
       0
       0
       2
       0
       1
       1
       0
       1
       0
       0
       0
       1
       0
       1
       1
       0
       0
       1
       1
       1
       1
       1
       1
       1
       0
       1
       0
       0
       0
       0
       1
       0
       2
       0
       0
       0
       1
       0
       0
       0
       1
       0
       1
       0
       2
       2
       3
       0
       0
       0
       2
       0
       0
       1
       1
       0
       0
       0
       0
       0
       1
       0
       0
       0
       1
       0
       2
       1
       1
       0
       1
       0
       1
       0
       1
       0
       2
       0
       1
       1
       0
       1
       0
       1
       0
       0
       0
       0
       3
       1
       0
       1
       3
       0
       0
       0
       2
       0
       1
       0
       3
       1
       0
       0
       0
       1
       0
       1
       0
       1
       0
       0
       0
       0
       0
       0
       0
       1
       0
       0
       0
       0
       2
       0
       1
       0
       1
       0
       0
       1
       2
       1
       1
       0
       1
       2
       2
       0
       1
       0
       2
       0
       1
       0
       0
       0
       1
       2
       0
       0
       0
       0
       1
       0
       2
       0
       1
       0
       0
       0
       1
       0
       1
       1
       1
       0
       1
       1
       0
       3
       0
       0
       1
       0
       0
       0
       0
       0
       3
       0
       0
       0
       1
       2
       1
       1
       2
       0
       0
       0
       1
       1
       1
       0
       0
       2
       2
       1
       2
       0
       0
       1
       0
       1
       0
       3
       0
       1
       0
       1
       1
       1
       1
       2
       0
       0
       0
       0
       1
       0
       0
       0
       1
       1
       1
       1
       0
       0
       0
       1
       0
       0
       1
       3
       1
       1
       0
       1
       0
       0
       1
       1
       1
       0
       1
       0
       1
       1
       0
       1
       0
       0
       1
       0
       0
       0
       2
       1
       1
       1
       0
       0
       0
       0
       0
       0
       1
       0
       1
       0
       0
       3
       2
       2
       0
       0
       0
       0
       2
       0
       1
       1
       0
       2
       1
       0
       2
       1
       0
       2
       1
       0
       0
       1
       2
       2
       0
       0
       1
       0
       0
       1
       0
       0
       0
       1
       1
       1
       1
       0
       0
       0
       1
       0
       0
       0
       0
       0
       1
       0
       0
       1
       1
       1
       1
       0
       1
       0
       1
       1
       0
       0
       1
       2
       1
       0
       0
       0
       0
       2
       0
       0
       0
       2
       0
       0
       1
       1
       2
       4
       0
       2
       2
       0
       1
       1
       0
       1
       1
       0
       1
       0
       0
       0
       0
       2
       1
       2
       2
       1
       0
       1
       2
       0
       1
       0
       0
       2
       2
       0
       0
       0
       1
       1
       0
       2
       0
       0
       0
       1
       1
       0
       0
       1
       1
       0
       0
       0
       3
       0
       2
       0
       0
       0
       2
       0
       0
       1
       1
       0
       0
       1
       0
       1
       0
       1
       1
       0
       2
       1
       2
       1
       0
       1
       0
       0
       2
       1
       0
       0
       0
       0
       0
       0
       3
       4
       1
       1
       0
       0
       3
       0
       1
       1
       0
       0
       1
       0
       0
       1
       1
       0
       0
       1
       0
       0
       2
       0
       0
       1
       3
       0
       0
       3
       1
       2
       1
       0
       0
       1
       1
       1
       1
       0
       2
       3
       2
       0
       1
       2
       1
       0
       2
       0
       0
       1
       0
       1
       0
       3
       3
       1
       2
       2
       0
       1
       1
       0
       0
       0
       0
       0
       1
       0
       0
       1
       2
       0
       2
       1
       2
       1
       1
       1
       1
       3
       2
       2
       3
       1
       0
       0
       2
       2
       1
       1
       1
       1
       1
       0
       0
       1
       2
       0
       2
       0
       3
       4
       3
       4
       1
       2
       5
       2
       3
       4
       0
       3
       3
       3
       6
       6
       3
       7
      11
       8
       6
       6
      10
      11
      13
      15
      21
      14
      16
      14
      20
      17
      16
      24
      37
      21
      40
      51
      32
      36
      49
      59
      50
      49
      80
      84
      93
      73
      94
      95
     124
     134
     132
     146
     169
     169
     179
     195
     197
     239
     251
     266
     278
     284
     321
     322
     371
     374
     434
     465
     484
     451
     501
     543
     587
     570
     570
     650
     652
     708
     699
     761
     831
     870
     865
     930
     908
     920
     969
    1001
    1083
    1090
    1126
    1123
    1254
    1251
    1245
    1256
    1303
    1319
    1419
    1442
    1447
    1414
    1426
    1519
    1534
    1461
    1551
    1463
    1575
    1539
    1616
    1516
    1544
    1613
    1621
    1598
    1574
    1574
    1532
    1597
    1531
    1595
    1533
    1562
    1516
    1559
    1576
    1500
    1473
    1532
    1468
    1461
    1425
    1424
    1374
    1450
    1392
    1351
    1324
    1370
    1247
    1237
    1225
    1222
    1231
    1137
    1152
    1160
    1079
    1126
    1062
    1036
    1018
    1040
     988
     992
     960
     965
     876
     896
     875
     855
     838
     825
     809
     768
     767
     717
     712
     655
     673
     678
     646
     660
     598
     586
     572
     555
     572
     538
     544
     490
     512
     477
     476
     477
     474
     439
     428
     426
     410
     468
     376
     377
     400
     377
     352
     367
     324
     344
     340
     320
     291
     335
     270
     271
     255
     246
     238
     241
     240
     272
     248
     233
     242
     209
     200
     217
     203
     179
     223
     211
     173
     160
     184
     174
     173
     170
     169
     153
     158
     136
     138
     103
     140
     133
     126
     128
     130
     125
     130
      91
      99
     102
     117
     121
     115
      98
      66
     102
      86
      93
      97
      92
      80
      80
      62
      57
      76
      64
      64
      84
      73
      69
      58
      54
      70
      58
      65
      54
      54
      64
      32
      53
      54
      59
      58
      48
      43
      46
      30
      52
      54
      49
      45
      42
      44
      43
      42
      24
      39
      22
      36
      30
      31
      36
      32
      33
      29
      25
      29
      25
      34
      25
      24
      20
      18
      16
      23
      26
      22
      32
      15
      28
      20
      21
      29
      30
      18
      18
      20
      21
      18
      18
      15
      16
      12
      12
       6
      19
      14
      13
      22
      14
      19
      13
       7
      11
      29
      15
       7
      13
      18
      11
       7
      11
      15
      14
      12
      18
      13
      10
      11
      11
      11
      11
       6
      11
       9
       4
       5
       9
       7
       4
       7
       9
       8
      12
       7
       6
       8
       2
       9
       8
       6
      15
       5
       7
       7
       8
       7
       9
       4
       1
       3
       5
       3
       3
       7
       4
       7
       6
       8
       9
       3
       3
       8
       4
       1
       5
       7
       2
       5
       3
       4
       1
       3
       2
       2
       3
       1
       3
       8
       4
       6
       6
       2
       1
       3
       3
       3
       4
       2
       1
       3
       4
       2
       4
       4
       2
       2
       1
       2
       2
       4
       4
       1
       6
       3
       2
       3
       3
       2
       2
       2
       5
       1
       3
       0
       3
       2
       5
       2
       2
       3
       2
       1
       2
       1
       1
       2
       3
       2
       3
       4
       1
       2
       2
       2
       1
       5
       1
       1
       2
       3
       3
       1
       3
       3
       2
       4
       1
       2
       1
       1
       2
       2
       1
       2
       2
       3
       2
       0
       2
       1
       1
       0
       3
       3
       4
       1
       1
       1
       3
       3
       3
       2
       1
       0
       1
       2
       1
       0
       1
       1
       1
       3
       3
       1
       2
       1
       0
       3
       1
       0
       2
       1
       1
       1
       2
       1
       1
       0
       1
       2
       1
       1
       0
       2
       0
       3
       2
       1
       2
       3
       1
       0
       0
       1
       2
       2
       2
       2
       2
       1
       1
       3
       1
       1
       1
       0
       1
       4
       0
       2
       0
       1
       0
       3
       2
       1
       1
       2
       0
       1
       1
       1
       1
       2
       0
       2
       2
       0
       2
       1
       1
       2
       3
       0
       0
       1
       3
       5
       1
       0
       2
       0
       1
       3
       0
       0
       1
       1
       0
       0
       2
       0
       1
       1
       1
       1
       2
       1
       0
       2
       0
       0
       0
       0
       0
       0
       2
       0
       0
       2
       0
       3
       3
       0
       0
       0
       0
       1
       0
       0
       2
       1
       2
       1
       0
       1
       0
       1
       0
       0
       0
       0
       1
       2
       0
       2
       2
       1
       1
       1
       1
       1
       1
       1
       3
       1
       1
       0
       0
       3
       0
       0
       1
       1
       0
       0
       0
       1
       0
       5
       0
       0
       1
       0
       1
       0
       0
       3
       2
       0
       1
       0
       0
       1
       2
       2
       0
       2
       0
       1
       1
       0
       2
       1
       0
       2
       2
       3
       2
       2
       3
       1
       2
       1
       1
       1
       1
       3
       1
       1
       0
       2
       2
       2
       1
       2
       2
       2
       0
       1
       1
       1
       0
       2
       0
       1
       1
       0
       1
       0
       0
       0
       1
       1
       0
       2
       1
       0
       0
       2
       0
       0
       0
       0
       1
       1
       1
       1
       1
       1
       0
       1
       1
       4
       0
       0
       1
       1
       1
       0
       0
       0
       3
       0
       0
       1
       1
       0
       1
       0
       0
       0
       1
       1
       2
       1
       0
       0
       0
       1
       1
       0
       4
       1
       0
       0
       2
       1
       1
       1
       0
       0
       1
       1
       1
       2
       1
       0
       1
       1
       0
       2
       1
       0
       0
       1
       0
       0
       2
       1
       1
       0
       1
       0
       0
       1
       2
       1
       1
       0
       0
       0
       0
       0
       0
       0
       0
       1
       1
       2
       2
       0
       0
       0
       0
       0
       3
       0
       2
       1
       0
       2
       0
       1
       1
       0
       1
       0
       0
       0
       0
       1
       0
       1
       1
       1
       1
       0
       2
       1
       0
       0
       3
       1
       1
       0
       0
       1
       0
       1
       2
       0
       0
       0
       0
       0
       0
       1
       0
       0
       0
       0
       1
       0
       0
       0
       0
       1
       2
       2
       1
       0
       1
       1
       1
       1
       3
       0
       0
       0
       0
       2
       1
       0
       1
       0
       1
       1
       1
       1
       2
       0
       0
       0
       2
       0
       2
       0
       0
       0
       0
       3
       0
       0
       1
       1
       1
       1
       2
       0
       0
       0
       1
       0
       1
       0
       3
       2
       0
       0
       0
       2
       2
       0
       0
       0
       0
       0
       1
       0
       1
       1
       0
       1
       0
       0
       0
       0
       0
       0
       2
       0
       1
       2
       0
       1
       0
       0
       0
       1
       1
       1
       0
       0
       1
       0
       1
       0
       0
       0
       1
       0
       2
       0
       2
       2
       1
       1
       0
       0
       0
       0
       0
       0
       0
       0
       0
       1
       0
       1
       0
       0
       1
       1
       0
       0
       0
       0
       1
       2
       0
       0
       1
       0
       0
       0
       0
       0
       1
       0
       1
       1
       1
       1
       3
       1
       0
       1
       0
       0
       0
       0
       0
       0
       0
       0
       0
       0
       1
       2
       0
       1
       1
       1
       2
       0
       2
       2
       0
       1
       0
       0
       0
       1
       1
       0
       1
       0
       0
       1
       1
       2
       0
       0
       0
       0
       0
       0
       0
       0
       1
       2
       1
       1
       1
       1
       1
       1
       1
       1
       0
       0
       0
       0
       0
       1
       1
       0
       2
       0
       1
       0
       0
       1
       0
       0
       2
       1
       1
       1
       1
       1
       0
       0
       0
       0
       1
       1
       1
       0
       0
       1
       0
       1
       0
       0
       1
       1
       1
       1
       0
       0
       0
       2
       1
       0
       2
       0
       1
       0
       0
       0
       1
       0
       0
       1
       1
       3
       0
       0
       2
       0
       0
       1
       1
       2
       0
       0
       1
       0
       1
       0
       0
       0
       1
       1
       1
       1
       0
       0
       0
       0
       0
       1
       0
       2
       0
       0
       1
       1
       0
       1
       1
       2
       0
       1
       2
       1
       0
       1
       0
       0
       2
       0
       0
       1
       0
       0
       1
       0
       0
       0
       1
       0
       0
       0
       1
       0
       0
       0
       2
       2
       0
       1
       0
       0
       0
       1
       0
       0
       0
       1
       1
       2
       0
       0
       0
       1
       1
       0
       0
       0
       2
       0
       2
       2
       0
       0
       0
       1
       2
       0
       1
       0
       1
       0
       0
       0
       0
       1
       0
       0
       0
       0
       0
       0
       1
       0
       1
       0
       1
       1
       1
       0
       1
       1
       1
       1
       0
       1
       4
       1
       0
       0
       0
       1
       0
       0
       0
       0
       0
       0
       0
       0
       1
       0
       1
       1
       0
       0
       0
       0
       3
       1
       0
       0
       0
       0
       0
       0
       0
       1
       2
       0
       0
       1
       1
       1
       1
       1
       1
       0
       1
       0
       1
       0
       0
       1
       1
       0
       0
       0
       0
       0
       0
       1
       1
       0
       0
       0
       0
       1
       1
       1
       1
       1
       4
       1
       0
       1
       0
       0
       0
       1
       0
       0
       0
       3
       0
       0
       2
       1
       0
       1
       0
       0
       2
       0
       0
       3
       0
       1
       3
       1
       2
       1
       1
       0
       2
       2
       0
       0
       3
       0
       1
       1
       0
       1
       2
       0
       0
       1
       0
       0
       1
       0
       1
       0
       1
       0
       1
       1
       1
       1
       2
       0
       1
       0
       2
       1
       1
       1
       2
       0
       0
       1
       0
       2
       2
       1
       0
       0
       1
       0
       0
       0
       0
       0
       1
       0
       1
       0
       0
       1
       1
       0
       0
       0
       0
       0
       0
       0
       0
       1
       2
       0
       0
       1
       0
       1
       2
       0
       1
       1
       2
       1
       0
       0
       0
       0
       0
       1
       0
       0
       1
       0
       1
       0
       0
       0
       1
       0
       1
       0
       1
       0
       2
       0
       1
       0
       0
       1
       0
       0
       0
       1
       0
       1
       0
       2
       0
       1
       0
       0
       1
       1
       0
       1
       3
       0
       0
       1
       0
       1
       1
       0
       0
       0
       1
       0
       2
       1
       0
       1
       1
       0
       2
       1
       1
       0
       0
       2
       1
       0
       0
       1
       3
       0
       0
       0
       0
       1
       1
       1
       0
       0
       1
       1
       1
       0
       1
       2
       1
       2
       3
       2
       1
       0
       0
       1
       0
       0
       0
       1
       0
       0
       0
       1
       1
       3
       0
       0
       1
       0
       1
       1
       0
       1
       0
       0
       0
       1
       0
       1
       1
       0
       2
       0
       0
       0
       2
       0
       1
       0
       1
       0
       2
       1
       0
       0
       0
       0
       0
       0
       0
       1
       2
       4
       0
       0
       0
       0
       0
       0
       0
       0
       1
       0
       2
       0
       1
       0
       0
       0
       1
       2
       0
       1
       0
       0
       0
       0
       1
       0
       1
       1
       1
       1
       2
       1
       0
       0
       1
       0
       0
       1
       0
       1
       0
       0
       1
       2
       3
       0
       1
       2
       2
       1
       1
       0
       1
       1
       2
       1
       0
       2
       0
       3
       1
       2
       0
       1
       1
       0
       0
       1
       0
       0
       1
       0
       0
       0
       1
       0
       1
       0
       0
       0
       1
       0
       0
       0
       0
       1
       1
       1
       0
       1
       1
       1
       0
       0
       0
       0
       3
       0
       2
       2
       0
       0
       1
       1
       0
       0
       1
       1
       0
       1
       0
       0
       3
       0
       0
       1
       2
       0
       0
       0
       0
       0
       0
       0
       0
       0
       1
       0
       0
       0
       1
       0
       0
       0
       0
       0
       0
       0
       0
       1
       0
       1
       1
       1
       1
       1
       0
       0
       0
       0
       2
       0
       0
       0
       0
       0
       1
       1
       1
       1
       1
       1
       1
       1
       1
       2
       1
       1
       0
       1
       0
       2
       1
       1
       1
       0
       0
       1
       1
       0
       1
       2
       0
       3
       2
       2
       0
       0
       0
       2
       1
       2
       0
       1
       1
       0
       1
       1
       1
       0
       0
       0
       1
       1
       0
       0
       0
       1
       0
       0
       0
       0
       0
       1
       0
       0
       0
       1
       0
       2
       0
       0
       1
       0
       0
       0
       0
       0
       0
       0
       2
       1
       0
       1
       1
       0
       1
       1
       2
       1
       1
       1
       2
       0
       0
       1
       0
       0
       1
       0
       0
       0
       1
       0
       1
       3
       0
       0
       0
       1
       0
       1
       0
       0
       1
       0
       1
       1
       1
       0
       0
       0
       0
       0
       0
       1
       1
       2
       0
       0
       0
       0
       0
       1
       0
       1
       0
       0
       0
       1
       0
       1
       0
       0
       1
       0
       1
       0
       1
       2
       0
       0
       0
       0
       0
       1
       1
       0
       0
       0
       1
       0
       0
       0
       1
       1
       0
       0
       0
       1
       1
       0
       1
       1
       0
       0
       1
       0
       1
       3
       1
       0
       0
       0
       0
       1
       0
       1
       0
       1
       0
       0
       1
       2
       0
       0
       0
       0
       2
       1
       0
       0
       1
       1
       0
       0
       0
       2
       0
       2
       0
       0
       2
       1
       0
       0
       0
       1
       1
       1
       1
       2
       0
       2
       0
       0
       0
       0
       2
       1
       2
       0
       1
       0
       1
       2
       0
       1
       0
       1
       2
       0
       2
       0
       1
       1
       1
       1
       0
       3
       0
       1
       1
       0
       0
       2
       0
       1
       2
       0
       0
       1
       0
       0
       3
       1
       1
       0
       0
       1
       4
       1
       0
       1
       3
       0
       0
       1
       0
       0
       3
       0
       0
       0
       0
       0
       0
       0
       0
       0
       0
       0
       2
       1
       2
       1
       1
       3
       1
       0
       1
       2
       1
       1
       0
       1
       0
       0
       1
       0
       0
       0
       2
       1
       0
       1
       1
       0
       0
       4
       0
       0
       0
       1
       0
       1
       0
       1
       2
       0
       2
       0
       1
       0
       1
       1
       1
       0
       0
       1
       0
       1
       1
       0
       1
       2
       0
       1
       1
       0
       1
       1
       1
       2
       0
       1
       1
       2
       0
       0
       1
       0
       2
       0
       0
       1
       1
       0
       1
       0
       1
       0
       0
       0
       2
       0
       0
       0
       1
       1
       0
       0
       1
       1
       0
       0
       0
       0
       1
       0
       0
       1
       3
       1
       1
       1
       0
       2
       0
       2
       1
       0
       0
       0
       0
       1
       0
       0
       2
       0
       0
       1
       0
       1
       2
       0
       1
       0
       0
       0
       2
       0
       1
       0
       0
       2
       2
       3
       0
       0
       0
       0
       2
       0
       0
       0
       0
       0
       0
       1
       2
       0
       0
       1
       0
       0
       1
       1
       0
       1
       0
       0
       1
       0
       0
       0
       1
       2
       2
       0
       0
       1
       0
       0
       0
       1
       2
       3
       0
       1
       0
       0
       0
       1
       0
       0
       0
       0
       1
       1
       1
       0
       1
       1
       0
       0
       2
       0
       0
       0
       0
       0
       2
       1
       2
       0
       0
       1
       0
       0
       1
       1
       2
       1
       2
       0
       1
       1
       0
       2
       0
       0
       1
       0
       1
       0
       2
       0
       0
       0
       0
       1
       0
       0
       3
       1
       0
       0
       2
       0
       1
       0
       1
       0
       1
       3
       1
       0
       0
       1
       0
       0
       0
       1
       1
       1
       0
       2
       0
       1
       1
       0
       1
       0
       0
       1
       0
       1
       1
       0
       1
       0
       0
       0
       1
       3
       1
       1
       2
       1
       2
       0
       0
       0
       0
       1
       1
       1
       1
       0
       0
       0
       1
       0
       0
       1
       0
       0
       1
       0
       0
       1
       0
       1
       0
       1
       0
       0
       0
       1
       0
       1
       0
       2
       0
       1
       2
       1
       0
       0
       1
       0
       0
       1
       0
       2
       0
       0
       3
       3
       0
       0
       0
       1
       0
       0
       0
       1
       0
       1
       1
       2
       0
       3
       0
       0
       0
       0
       0
       1
       0
       0
       0
       0
       0
       0
       0
       1
       1
       0
       0
       1
       0
       1
       0
       0
       1
       1
       0
       2
       0
       2
       1
       1
       0
       1
       2
       0
       1
       0
       0
       0
       1
       0
       0
       1
       3
       1
       0
       0
       0
       2
       0
       1
       3
       1
       1
       0
       1
       0
       0
       1
       2
       0
       2
       0
       0
       0
       0
       1
       1
       1
       1
       1
       0
       0
       0
       0
       0
       2
       2
       1
       1
       0
       0
       1
       0
       1
       0
       1
       0
       2
       1
       0
       0
       0
       1
       1
       0
       0
       1
       0
       1
       0
       1
       3
       1
       0
       1
       1
       1
       0
       1
       0
       0
       0
       1
       0
       0
       0
       0
       0
       1
       0
       0
       1
       1
       1
       4
       1
       0
       0
       0
       0
       2
       1
       0
       1
       1
       0
       0
       1
       0
       2
       0
       1
       0
       1
       1
       1
       1
       2
       1
       0
       1
       0
       1
       1
       1
       3
       1
       2
       0
       0
       0
       1
       1
       0
       0
       0
       1
       0
       0
       1
       2
       0
       1
       1
       2
       1
       2
       1
       0
       2
       0
       0
       0
       1
       0
       0
       1
       0
       1
       0
       0
       1
       1
       0
       1
       0
       0
       1
       0
       1
       0
       0
       1
       0
       0
       0
       2
       1
       0
       0
       2
       0
       0
       1
       0
       0
       1
       1
       0
       1
       2
       0
       1
       1
       1
       0
       1
       0
       1
       0
       0
       0
       0
       0
       0
       0
       0
       1
       1
       1
       2
       1
       0
       1
       0
       1
       1
       0
       0
       1
       0
       0
       2
       1
       1
       0
       0
       0
       0
       0
       0
       1
       0
       0
       1
       1
       1
       2
       0
       1
       1
       0
       0
       3
       0
       0
       0
       0
       1
       0
       2
       0
       0
       1
       0
       1
       0
       0
       0
       1
       0
       0
       0
       2
       0
       0
       0
       2
       0
       1
       0
       0
       0
       1
       1
       0
       0
       0
       1
       0
       0
       0
       0
       1
       0
       0
       1
       0
       3
       0
       0
       0
       0
       0
       0
       0
       0
       2
       2
       2
       1
       1
       1
       1
       1
       0
       2
       0
       0
       1
       1
       0
       1
       2
       0
       0
       0
       0
       0
       0
       0
       0
       0
       0
       0
       1
       0
       0
       0
       0
       0
       0
       1
       1
       1
       0
       0
       3
       1
       0
       2
       1
       2
       0
       0
       0
       1
       0
       2
       2
       0
       0
       2
       2
       1
       1
       1
       0
       1
       0
       1
       0
       0
       1
       0
       0
       1
       1
       1
       0
       0
       2
       0
       1
       0
       0
       0
       1
       0
       1
       0
       1
       0
       1
       0
       0
       0
       0
       1
       2
       0
       1
       1
       0
       0
       0
       2
       1
       1
       2
       0
       2
       1
       0
       0
       0
       0
       1
       1
       1
       0
       1
       0
       1
       2
       0
       1
       0
       0
       2
       2
       1
       1
       0
       1
       0
       0
       1
       1
       1
       0
       2
       1
       0
       0
       0
       0
       1
       0
       2
       0
       1
       1
       1
       0
       0
       1
       0
       0
       1
       0
       0
       0
       0
       0
       0
       0
       0
       0
       1
       2
       0
       1
       0
       0
       1
       1
       1
       0
       0
       0
       2
       0
       1
       0
       2
       2
       0
       1
       1
       0
       2
       1
       1
       0
       0
       0
       1
       0
       0
       0
       1
       1
       0
       0
       1
       1
       0
       0
       1
       1
       0
       1
       0
       1
       0
       1
       0
       1
       0
       0
       0
       1
       1
       0
       0
       0
       0
       1
       1
       2
       0
       0
       0
       0
       1
       1
       1
       0
       0
       1
       2
       2
       3
       0
       2
       1
       1
       0
       0
       0
       0
       0
       0
       0
       0
       2
       0
       1
       0
       0
       0
       0
       1
       1
       0
       1
       0
       1
       1
       0
       0
       1
       1
       0
       0
       0
       1
       0
       1
       0
       0
       0
       0
       1
       1
       0
       0
       0
       0
       1
       0
       0
       0
       0
       2
       1
       0
       2
       1
       1
       1
       1
       1
       0
       1
       1
       0
       1
       1
       1
       1
       0
       0
       1
       0
       1
       0
       1
       1
       0
       0
       0
       1
       0
       1
       0
       1
       0
       0
       0
       0
       0
       0
       0
       0
       0
       2
       0
       1
       2
       1
       1
       0
       0
       0
       1
       0
       0
       1
       0
       1
       1
       0
       1
       0
       2
       0
       1
       0
       0
       2
       1
       1
       0
       0
       1
       0
       1
       0
       0
       0
       1
       0
       0
       0
       1
       0
       0
       0
       1
       0
       0
       1
       2
       1
       0
       0
       1
       1
       0
       1
       1
       0
       1
       0
       0
       1
       0
       0
       1
       0
       0
       1
       0
       1
       0
       3
       1
       1
       0
       0
       2
       0
       0
       0
       1
       1
       1
       0
       1
       2
       0
       0
       1
       0
       1
       1
       0
       1
       2
       0
       1
       0
       0
       0
       0
       1
       0
       1
       0
       0
       0
       3
       1
       0
       0
       0
       1
       1
       1
       0
       1
       1
       2
       2
       1
       0
       1
       0
       0
       0
       0
       2
       0
       0
       1
       0
       0
       1
       0
       3
       0
       0
       0
       0
       0
       1
       0
       1
       1
       1
       2
       0
       0
       1
       0
       0
       1
       1
       1
       0
       1
       0
       2
       1
       3
       0
       0
       0
       2
       1
       0
       0
       0
       1
       1
       1
       0
       1
       0
       0
       0
       0
       1
       1
       0
       3
       0
       1
       0
       0
       0
       1
       1
       0
       0
       0
       2
       1
       0
       0
       2
       0
       1
       0
       0
       1
       0
       0
       0
       0
       1
       0
       0
       0
       0
       0
       1
       1
       0
       0
       2
       0
       1
       1
       0
       1
       0
       1
       0
       3
       0
       0
       0
       1
       0
       0
       0
       0
       1
       0
       0
       0
       1
       2
       0
       1
       0
       1
       1
       0
       3
       0
       0
       0
       1
       0
       1
       1
       0
       0
       0
       0
       0
       1
       0
       1
       0
       2
       0
       1
       2
       0
       0
       0
       0
       0
       2
       2
       0
       0
       1
       2
       1
       1
       0
       1
       1
       0
       0
       0
       1
       1
       0
       0
       0
       1
       0
       1
       0
       0
       2
       2
       0
       0
       0
       0
       0
       2
       0
       0
       0
       0
       2
       0
       0
       0
       0
       1
       0
       1
       1
       1
       0
       0
       1
       0
       0
       0
       0
       1
       0
       2
       0
       0
       1
       0
       1
       1
       0
       0
       0
       0
       0
       1
       2
       0
       4
       0
       0
       0
       2
       0
       0
       0
       0
       0
       0
       1
       0
       0
       1
       1
       0
       0
       2
       1
       0
       2
       1
       1
       0
       1
       1
       1
       0
       2
       1
       1
       1
       1
       1
       0
       0
       0
       1
       0
       0
       1
       0
       0
       0
       0
       1
       2
       0
       0
       0
       1
       0
       0
       0
       1
       0
       0
       0
       0
       1
       1
       1
       0
       1
       2
       0
       0
       1
       0
       1
       0
       1
       0
       2
       0
       0
       1
       1
       0
       0
       0
       2
       0
       0
       1
       0
       1
       1
       0
       2
       0
       2
       0
       2
       0
       0
       0
       0
       0
       1
       0
       2
       0
       1
       1
       0
       0
       1
       2
       0
       0
       2
       2
       1
       2
       1
       1
       0
       0
       2
       0
       1
       1
       0
       0
       1
       1
       1
       0
       0
       0
       1
       0
       1
       0
       2
       0
       0
       0
       0
       2
       0
       0
       0
       0
       1
       1
       1
       1
       1
       0
       0
       0
       0
       0
       1
       1
       0
       0
       0
       1
       1
       1
       1
       0
       0
       1
       1
       1
       0
       2
       0
       2
       2
       2
       0
       0
       0
       1
       1
       0
       0
       1
       1
       2
       1
       0
       0
       0
       1
       1
       0
       1
       0
       1
       0
       0
       1
       1
       0
       1
       0
       0
       0
       0
       0
       1
       0
       0
       0
       1
       0
       0
       1
       0
       1
       1
       0
       0
       1
       0
       0
       1
       1
       0
       1
       0
       1
       2
       0
       1
       1
       1
       0
       1
       0
       1
       1
       0
       0
       2
       0
       0
       1
       2
       1
       0
       0
       0
       0
       0
       0
       1
       0
       2
       2
       0
       0
       0
       0
       1
       0
       1
       1
       1
       0
       0
       0
       0
       0
       1
       0
       0
       0
       0
       0
       3
       2
       0
       1
       0
       2
       1
       0
       2
       0
       0
       1
       0
       1
       0
       0
       0
       2
       1
       0
       0
       1
       0
       0
       2
       0
       2
       2
       2
       0
       0
       1
       0
       0
       1
       1
       0
       2
       3
       0
       0
       0
       0
       0
       1
       0
       1
       0
       0
       1
       2
       1
       2
       0
       0
       0
       1
       1
       1
       0
       1
       0
       0
       1
       0
       1
       0
       0
       2
       1
       4
       2
       0
       0
       1
       0
       0
       1
       3
       0
       1
       1
       1
       1
       0
       1
       0
       1
       0
       0
       0
       0
       1
       0
       0
       0
       0
       0
       0
       1
       1
       0
       0
       0
       0
       1
       1
       1
       0
       0
       0
       0
       1
       0
       1
       1
       0
       0
       1
       2
       1
       1
       0
       0
       1
       1
       1
       0
       0
       1
       0
       1
       0
       0
       1
       0
       2
       0
       1
       0
       1
       1
       0
       0
       2
       1
       0
       0
       0
       0
       0
       1
       0
       2
       2
       0
       1
       0
       0
       0
       2
       1
       0
       0
       1
       0
       0
       1
       0
       2
       1
       1
       1
       0
       0
       0
       1
       0
       0
       1
       1
       2
       0
       0
       0
       1
       0
       0
       0
       0
       0
       2
       0
       0
       0
       2
       0
       0
       0
       1
       2
       1
       1
       0
       1
       0
       0
       1
       0
       1
       0
       0
       0
       1
       0
       0
       2
       1
       4
       1
       0
       0
       0
       0
       0
       1
       0
       0
       1
       0
       0
       0
       1
       0
       0
       0
       1
       1
       4
       0
       0
       0
       0
       0
       0
       0
       0
       1
       0
       0
       2
       0
       0
       0
       1
       3
       1
       1
       0
       0
       0
       0
       1
       1
       1
       1
       0
       1
       0
       1
       1
       2
       0
       0
       1
       0
       0
       0
       0
       0
       1
       1
       0
       2
       0
       2
       1
       1
       0
       1
       0
       0
       0
       0
       0
       1
       0
       0
       1
       0
       1
       0
       0
       0
       2
       0
       0
       1
       0
       0
       1
       0
       0
       2
       1
       1
       0
       0
       0
       0
       0
       1
       1
       0
       1
       0
       1
       1
       0
       1
       0
       1
       1
       3
       1
       1
       0
       0
       0
       0
       0
       0
       1
       1
       1
       1
       0
       1
       0
       1
       0
       0
       1
       0
       0
       0
       0
       0
       0
       0
       1
       0
       0
       0
       0
       1
       0
       0
       0
       0
       0
       1
       0
       0
       1
       1
       0
       0
       1
       1
       2
       0
       0
       0
       1
       0
       0
       0
       0
       0
       2
       0
       0
       1
       0
       1
       0
       0
       1
       0
       0
       1
       0
       0
       1
       2
       1
       0
       0
       0
       1
       2
       0
       1
       1
       1
       2
       0
       0
       4
       2
       1
       0
       0
       0
       0
       0
       0
       1
       0
       1
       2
       0
       0
       1
       0
       0
       0
       0
       0
       2
       0
       1
       1
       1
       0
       0
       1
       0
       0
       0
       0
       0
       1
       1
       1
       0
       2
       1
       0
       0
       2
       1
       0
       0
       1
       0
       0
       0
       0
       0
       1
       0
       3
       0
       0
       0
       0
       0
       0
       0
       1
       0
       3
       5
       0
       0
       0
       0
       1
       0
       0
       0
       0
       0
       0
       0
       1
       0
       0
       1
       0
       0
       1
       0
       1
       0
       0
       0
       0
       0
       2
       0
       0
       0
       0
       0
       0
       2
       1
       0
       1
       5
       0
       0
       0
       1
       2
       0
       0
       2
       1
       0
       0
       1
       1
       1
       2
       0
       1
       1
       0
       1
       1
       0
       0
       0
       0
       1
       0
       2
       1
       0
       0
       0
       0
       0
       0
       0
       2
       0
       2
       3
       0
       1
       0
       0
       0
       0
       1
       2
       1
       2
       1
       2
       0
       1
       0
       1
       0
       0
       0
       0
       1
       3
       0
       2
       0
       0
       2
       1
       0
       0
       0
       1
       0
       0
       0
       0
       1
       0
       1
       0
       0
       1
       0
       0
       1
       0
       0
       0
       1
       0
       0
       0
       0
       0
       2
       0
       0
       0
       1
       2
       1
       0
       1
       0
       0
       1
       0
       1
       0
       1
       0
       0
       1
       2
       0
       1
       1
       0
       1
       0
       0
       0
       0
       2
       1
       0
       0
       1
       1
       0
       0
       0
       0
       0
       0
       0
       0
       0
       0
       0
       1
       0
       1
       2
       0
       1
       2
       1
       0
       0
       1
       0
       0
       0
       0
       2
       0
       0
       0
       1
       0
       1
       1
       0
       1
       0
       1
       1
       0
       2
       0
       0
       1
       1
       0
       2
       0
       1
       0
       1
       0
       0
       1
       1
       0
       1
       1
       0
       0
       0
       0
       2
       0
       0
       0
       0
       0
       3
       0
       1
       1
       1
       0
       0
       1
       0
       0
       0
       1
       1
       0
       1
       2
       0
       0
       1
       1
       3
       1
       0
       0
       1
       0
       2
       1
       1
       0
       1
       1
       0
       1
       1
       3
       0
       0
       0
       2
       0
       0
       0
       1
       1
       1
       0
       0
       0
       0
       0
       0
       1
       1
       2
       0
       1
       0
       1
       0
       0
       0
       1
       1
       1
       1
       1
       1
       1
       0
       0
       0
       0
       1
       3
       0
       0
       0
       3
       2
       1
       0
       1
       2
       1
       0
       1
       0
       1
       0
       0
       0
       0
       1
       1
       0
       1
       1
       1
       0
       0
       0
       1
       1
       0
       0
       0
       1
       0
       2
       0
       0
       0
       0
       2
       0
       1
       0
       2
       0
       1
       0
       1
       0
       2
       0
       1
       1
       0
       1
       0
       0
       2
       1
       0
       0
       1
       1
       0
       1
       0
       0
       0
       0
       0
       1
       0
       0
       0
       0
       0
       1
       2
       0
       1
       3
       1
       0
       0
       0
       0
       1
       0
       0
       1
       0
       1
       1
       0
       1
       2
       0
       1
       0
       1
       0
       1
       1
       1
       0
       0
       0
       0
       2
       1
       2
       0
       0
       0
       0
       0
       0
       1
       0
       0
       1
       1
       1
       0
       0
       0
       1
       0
       0
       2
       1
       0
       1
       0
       0
       0
       0
       2
       1
       0
       0
       0
       1
       1
       0
       1
       0
       2
       0
       0
       0
       0
       0
       2
       0
       0
       0
       0
       2
       0
       1
       0
       0
       0
       1
       0
       0
       2
       0
       2
       3
       1
       1
       0
       0
       2
       2
       0
       0
       0
       1
       0
       2
       0
       0
       1
       1
       0
       2
       0
       0
       0
       1
       0
       1
       1
       0
       0
       1
       1
       1
       0
       0
       0
       2
       0
       0
       2
       1
       2
       0
       0
       0
       1
       2
       1
       1
       0
       0
       1
       0
       1
       1
       2
       2
       0
       0
       1
       0
       1
       1
       0
       2
       0
       0
       0
       0
       0
       0
       0
       0
       3
       0
       1
       0
       2
       1
       1
       0
       0
       0
       1
       0
       1
       2
       1
       0
       1
       0
       0
       2
       1
       0
       0
       1
       2
       2
       0
       0
       0
       0
       0
       0
       1
       0
       1
       0
       0
       2
       1
       1
       0
       0
       0
       2
       1
       1
       2
       1
       0
       0
       1
       0
       0
       0
       0
       0
       0
       0
       2
       0
       0
       0
       0
       2
       1
       0
       1
       1
       0
       0
       1
       0
       0
       1
       1
       0
       0
       1
       1
       1
       1
       1
       0
       1
       0
       1
       0
       1
       0
       0
       0
       0
       0
       0
       1
       1
       1
       1
       1
       0
       0
       2
       1
       1
       0
       0
       1
       1
       1
       1
       0
       0
       0
       1
       1
       0
       2
       0
       0
       0
       1
       2
       0
       0
       1
       0
       2
       0
       4
       0
       0
       2
       2
       0
       0
       1
       1
       1
       0
       2
       0
       0
       0
       0
       2
       0
       0
       0
       2
       2
       0
       0
       0
       0
       0
       1
       1
       0
       2
       1
       2
       0
       1
       0
       0
       2
       0
       0
       0
       0
       2
       3
       2
       0
       0
       1
       0
       1
       0
       0
       3
       0
       0
       0
       2
       0
       0
       0
       1
       0
       0
       0
       0
       1
       2
       0
       1
       0
       1
       1
       1
       0
       0
       0
       0
       1
       0
       0
       0
       1
       1
       0
       0
       1
       1
       1
       2
       2
       0
       1
       0
       1
       2
       1
       2
       0
       0
       0
       0
       0
       2
       2
       0
       0
       1
       0
       0
       2
       1
       0
       1
       0
       1
       1
       0
       2
       0
       0
       0
       1
       0
       0
       0
       1
       0
       0
       0
       0
       1
       0
       4
       2
       0
       0
       0
       1
       1
       1
       1
       0
       1
       0
       0
       0
       0
       0
       0
       1
       0
       0
       0
       2
       0
       0
       0
       0
       2
       0
       1
       0
       0
       1
       2
       0
       0
       0
       0
       1
       0
       2
       1
       0
       1
       2
       1
       0
       1
       1
       0
       0
       2
       0
       0
       0
       0
       0
       0
       1
       1
       1
       0
       0
       1
       1
       1
       0
       1
       1
       1
       2
       2
       0
       1
       3
       0
       1
       1
       2
       0
       0
       0
       2
       1
       1
       0
       1
       1
       0
       0
       1
       0
       0
       1
       0
       0
       0
       1
       0
       1
       0
       0
       0
       0
       0
       1
       1
       2
       0
       0
       3
       0
       0
       0
       0
       0
       1
       0
       0
       0
       0
       0
       2
       0
       1
       1
       0
       0
       0
       0
       0
       4
       0
       0
       0
       1
       1
       1
       0
       0
       0
       2
       0
       0
       2
       2
       0
       0
       1
       0
       0
       1
       0
       1
       1
       0
       3
       0
       1
       0
       1
       0
       0
       1
       0
       1
       0
       0
       0
       1
       0
       0
       0
       0
       0
       1
       0
       0
       0
       1
       2
       0
       0
       2
       1
       0
       1
       1
       1
       0
       1
       0
       0
       1
       0
       1
       3
       0
       0
       0
       0
       0
       1
       0
       0
       0
       2
       0
       0
       0
       1
       0
       0
       0
       0
       0
       0
       0
       1
       1
       3
       0
       1
       3
       0
       0
       1
       0
       0
       0
       0
       2
       0
       0
       0
       0
       0
       1
       0
       1
       1
       0
       2
       1
       0
       1
       0
       0
       1
       0
       1
       0
       2
       2
       0
       0
       1
       0
       0
       1
       0
       3
       1
       2
       2
       1
       0
       0
       0
       0
       1
       2
       0
       1
       1
       1
       0
       1
       0
       1
       1
       2
       0
       1
       0
       0
       0
       2
       0
       0
       0
       2
       1
       0
       1
       0
       1
       0
       1
       2
       0
       0
       2
       1
       1
       0
       0
       0
       0
       0
       2
       0
       0
       0
       1
       0
       1
       0
       1
       0
       0
       0
       0
       0
       0
       1
       0
       1
       1
       0
       0
       0
       2
       0
       1
       0
       0
       2
       2
       0
       3
       1
       0
       0
       0
       1
       0
       0
       2
       1
       0
       0
       0
       0
       1
       1
       0
       1
       2
       1
       0
       0
       2
       0
       2
       0
       2
       0
       0
       2
       1
       0
       0
       1
       1
       1
       2
       1
       0
       0
       0
       2
       1
       2
       2
       1
       1
       0
       2
       0
       3
       1
       2
       0
       1
       1
       0
       2
       0
       1
       0
       1
       0
       1
       0
       0
       0
       0
       1
       2
       1
       0
       2
       1
       0
       0
       1
       0
       1
       0
       0
       0
       0
       1
       0
       1
       1
       0
       2
       1
       1
       2
       0
       1
       0
       0
       1
       0
       1
       0
       1
       0
       1
       3
       0
       0
       0
       1
       0
       1
       2
       0
       0
       1
       2
       1
       0
       0
       2
       0
       0
       0
       1
       1
       0
       0
       0
       0
       0
       1
       0
       0
       1
       0
       1
       0
       0
       0
       0
       1
       0
       0
       2
       0
       1
       1
       0
       1
       0
       0
       3
       2
       0
       0
       2
       0
       0
       0
       1
       1
       0
       0
       0
       1
       2
       3
       3
       0
       0
       1
       1
       1
       0
       0
       1
       0
       0
       0
       0
       0
       0
       1
       0
       0
       0
       1
       0
       1
       0
       0
       0
       0
       1
       1
       0
       0
       1
       0
       2
       0
       1
       0
       1
       1
       1
       0
       0
       1
       0
       1
       0
       0
       1
       0
       1
       0
       0
       0
       1
       0
       0
       1
       1
       0
       0
       0
       0
       1
       2
       0
       0
       0
       0
       1
       0
       1
       1
       3
       1
       2
       0
       2
       0
       1
       1
       1
       0
       0
       0
       1
       1
       0
       0
       2
       1
       0
       0
       0
       0
       0
       0
       2
       1
       0
       0
       0
       1
       0
       1
       0
       1
       0
       0
       0
       0
       0
       0
       0
       0
       0
       1
       0
       0
       1
       1
       0
       1
       0
       0
       0
       0
       0
       0
       2
       1
       0
       0
       1
       0
       1
       2
       0
       2
       0
       0
       1
       2
       1
       1
       0
       1
       0
       1
       2
       0
       0
       0
       1
       0
       3
       1
       2
       1
       0
       1
       0
       0
       1
       1
       0
       1
       0
       0
       1
       0
       0
       0
       0
       0
       0
       0
       0
       0
       1
       0
       1
       0
       0
       1
       0
       0
       2
       0
       2
       0
       1
       1
       2
       1
       1
       1
       1
       0
       4
       0
       0
       0
       1
       0
       0
       0
       0
       0
       0
       0
       0
       0
       1
       0
       0
       0
       0
       1
       0
       0
       0
       0
       0
       0
       0
       0
       1
       0
       1
       0
       0
       0
       0
       2
       1
       1
       2
       0
       0
       0
       0
       0
       0
       0
       0
       0
       1
       0
       0
       0
       1
       1
       1
       1
       1
       0
       1
       2
       1
       0
       0
       0
       1
       2
       0
       1
       2
       0
       0
       1
       0
       0
       2
       0
       1
       0
       0
       1
       0
       4
       0
       2
       1
       0
       0
       0
       0
       0
       1
       1
       2
       2
       0
       0
       0
       2
       0
       2
       1
       1
       0
       0
       0
       0
       0
       0
       0
       0
       1
       1
       2
       0
       2
       1
       0
       1
       2
       1
       1
       1
       1
       0
       0
       0
       1
       0
       0
       0
       0
       0
       0
       1
       0
       0
       1
       0
       1
       0
       1
       1
       0
       1
       0
       0
       2
       1
       0
       0
       3
       2
       2
       1
       2
       1
       2
       0
       1
       0
       0
       1
       0
       1
       0
       0
       1
       1
       3
       0
       1
       2
       2
       1
       0
       0
       0
       1
       0
       0
       2
       2
       1
       0
       2
       0
       1
       0
       2
       0
       1
       0
       0
       1
       1
       1
       2
       1
       0
       0
       1
       2
       0
       0
       0
       0
       1
       0
       0
       0
       1
       0
       0
       1
       2
       1
       0
       0
       0
       1
       0
       0
       1
       1
       0
       1
       0
       2
       0
       1
       0
       0
       1
       1
       0
       0
       0
       1
       0
       1
       0
       1
       1
       1
       2
       2
       1
       2
       1
       0
       0
       1
       0
       0
       1
       0
       0
       0
       2
       0
       2
       0
       0
       0
       0
       0
       1
       0
       0
       1
       0
       2
       1
       0
       1
       1
       1
       1
       0
       0
       0
       0
       2
       2
       1
       0
       0
       0
       1
       0
       0
       1
       0
       0
       0
       0
       0
       0
       1
       1
       1
       0
       1
       0
       1
       1
       0
       1
       1
       0
       1
       0
       0
       0
       1
       0
       0
       1
       0
       0
       1
       1
       4
       0
       1
       0
       1
       1
       1
       0
       1
       0
       0
       1
       0
       0
       0
       0
       0
       1
       1
       0
       0
       2
       0
       0
       0
       1
       0
       1
       2
       1
       3
       0
       2
       0
       0
       2
       0
       0
       1
       0
       1
       1
       0
       0
       1
       1
       0
       0
       0
       0
       0
       0
       0
       0
       1
       4
       0
       1
       0
       0
       1
       0
       1
       0
       1
       0
       0
       0
       1
       0
       0
       0
       2
       0
       0
       2
       1
       1
       0
       2
       1
       0
       0
       0
       1
       0
       1
       1
       0
       0
       1
       3
       3
       3
       0
       0
       3
       0
       0
       1
       1
       1
       1
       2
       1
       0
       1
       2
       0
       0
       3
       2
       1
       1
       1
       0
       1
       1
       2
       0
       2
       1
       0
       0
       0
       1
       3
       2
       0
       0
       1
       3
       1
       0
       3
       0
       1
       1
       0
       0
       0
       0
       3
       1
       0
       0
       1
       1
       2
       1
       0
       1
       0
       0
       0
       0
       1
       2
       0
       1
       1
       0
       0
       1
       0
       1
       1
       0
       0
       3
       1
       0
       1
       0
       0
       0
       3
       1
       2
       2
       0
       1
       1
       1
       1
       1
       0
       0
       0
       1
       2
       1
       0
       1
       1
       0
       0
       0
       0
       1
       0
       2
       1
       0
       1
       0
       0
       0
       0
       0
       2
       0
       0
       1
       0
       1
       0
       0
       0
       0
       0
       0
       0
       0
       0
       0
       0
       0
       1
       0
       0
       1
       0
       0
       0
       0
       0
       0
       0
       0
       1
       0
       0
       0
       0
       0
       1
       1
       0
       0
       0
       0
       1
       0
       0
       0
       0
       0
       0
       0
       0
       0
       0
       0
       0
       0
       0
       0
       0
       0
       0
       0
       0
$ROI:
1
1943 2495
$PRESETS:
Live Time
14400
0
$ENER_FIT:
0.000000 0.000000
$MCA_CAL:
3
0.000000E+000 0.000000E+000 0.000000E+000 
$SHAPE_CAL:
3
0.000000E+000 0.000000E+000 0.000000E+000
