$SPEC_ID:
No sample description was entered.
$SPEC_REM:
DET# 1
DETDESC# MAESTROPC MCB 337
AP# Maestro Version 6.08
$DATE_MEA:
04/05/2016 22:50:26
$MEAS_TIM:
14400 14422
$DATA:
0 8191
       0
       0
       0
       0
       0
       0
       0
       0
       0
       0
       0
       0
       0
       0
       0
       0
       0
       0
       0
       0
       0
       0
       0
       0
       0
       0
       0
       0
       0
       0
       0
       0
       0
       0
       0
       0
       0
       0
       0
       0
       0
       0
       0
       0
       0
       0
       0
       0
       0
       0
       0
       0
       0
       0
       0
       0
       0
       0
       0
       0
       0
       0
       0
       0
       0
       0
       0
       0
       0
       0
       0
       0
       0
       0
       0
       0
       0
       0
       0
       0
       0
       0
       0
       0
       0
       0
       0
       0
       0
       0
       0
       0
       0
       0
       0
       0
       0
       0
       0
       0
       0
       0
       0
       0
       0
       0
       0
       0
       0
       0
       0
       0
       0
       0
       0
       0
       0
       0
       0
       0
       0
       0
       0
       0
       0
       0
       0
       0
       0
       0
       0
       0
       0
       0
       0
       0
       0
       0
       0
       0
       0
       0
       0
       0
       0
       0
       0
       0
       0
       0
       0
       0
       0
       0
       0
       0
       0
       0
       0
       0
       0
       0
       0
       0
       0
       0
       0
       0
       0
       0
       0
       0
       0
       0
       0
       0
       0
       0
       0
       0
       0
       0
       0
       0
       0
       0
       0
       0
       0
       0
       0
       0
       0
       0
       0
       0
       0
       0
       0
       0
       0
       0
       0
       0
       0
       0
       0
       0
       0
       0
       0
       0
       0
       0
       0
       0
       0
       0
       0
       0
       0
       0
       0
       0
       0
       0
       0
       0
       0
       0
       0
       0
       0
       0
       0
       0
       0
       0
       0
       0
       0
       0
       0
       0
       0
       0
       0
       0
       0
       0
       0
       0
       0
       0
       0
       0
       0
       0
       0
       0
       0
       0
       0
       0
       0
       0
       0
       0
       0
       0
       0
       0
       0
       0
       0
       0
       0
       0
       0
       0
       0
       0
       0
       0
       0
       0
       0
       0
       0
       0
       0
       0
       0
       0
       0
       0
       0
       0
       0
       0
       0
       0
       0
       0
       0
       0
       0
       0
       0
       0
       0
       0
       0
       0
       0
       0
       0
       0
       0
       0
       0
       0
       0
       0
       0
       0
       0
       0
       0
       0
       0
       0
       0
       0
       0
       0
       0
       0
       0
       0
       0
       0
       0
       0
       0
       0
       0
       0
       0
       0
       0
       0
       0
       0
       0
       0
       0
       0
       0
       0
       0
       0
       0
       0
       0
       0
       0
       0
       0
       0
       0
       0
       0
       0
       0
       0
       0
       0
       0
       0
       0
       0
       0
       0
       0
       0
       0
       0
       0
       0
       0
       0
       0
       0
       0
       0
       0
       0
       0
       0
       0
       0
       0
       0
       0
       0
       0
       0
       0
       0
       0
       0
       0
       0
       0
       0
       0
       0
       0
       0
       0
       0
       0
       0
       0
       0
       0
       0
       0
       0
       0
       0
       0
       0
       0
       0
       0
       0
       0
       0
       0
       0
       0
       0
       0
       0
       0
       0
       0
       0
       0
       0
       0
       0
       0
       0
       0
       0
       0
       0
       0
       0
       0
       0
       0
       0
       0
       0
       0
       0
       0
       0
       0
       0
       0
       0
       0
       0
       0
       0
       0
       0
       0
       0
       0
       0
       0
       0
       0
       0
       0
       0
       0
       0
       0
       0
       0
       0
       0
       0
       0
       0
       0
       0
       0
       0
       0
       0
       0
       0
       0
       0
       0
       0
       0
       0
       0
       0
       0
       0
       0
       0
       0
       0
       0
       0
       0
       0
       0
       0
       0
       0
       0
       0
       0
       0
       0
       0
       0
       0
       0
       0
       0
       0
       0
       0
       0
       0
       0
       0
       0
       0
       1
       0
       0
       0
       0
       0
       0
       1
       0
       0
       0
       1
       0
       0
       0
       5
       5
       2
      10
      13
       7
       5
       6
       6
       8
      10
       5
      10
       9
       8
       8
       6
       7
       8
       9
       9
      13
       7
       7
       7
       4
       9
       7
       8
       7
       7
      11
      11
       5
       4
       8
       7
      11
      10
       5
       9
       6
       9
       9
       6
       6
       9
      11
      10
       8
       5
       9
      11
      10
      12
      10
      12
      18
      12
       7
       4
       8
      13
       6
       3
       8
       8
       9
      11
       8
       8
       7
       9
       8
       9
       7
      13
       7
       6
       9
       7
       7
      12
       7
       6
       5
      10
       6
      10
       6
       9
       7
      14
       6
      11
      13
       8
      10
       5
       4
      10
       7
       6
      10
      16
       6
       9
      10
      12
       8
      11
       9
       6
      17
      14
      12
       8
       8
      14
      11
       8
      10
       4
       8
       7
       7
       7
      12
       7
      10
      12
       8
       8
       9
       5
       9
       6
       7
      10
       9
      12
      12
      12
      10
       7
       5
      10
       8
       5
      10
      10
      14
      10
       9
      12
       8
      10
      11
       8
       9
       9
      10
       8
       9
      12
       5
       7
      10
       6
       9
       7
       6
      10
      12
       7
       8
      13
       6
      12
       6
      11
       5
      11
       9
       9
       9
       5
       7
      11
       4
       9
       6
      11
       3
      10
      12
       7
       4
      12
       8
       5
      11
       8
       8
       8
       8
      11
       3
       5
       2
      10
       6
       8
       7
      10
      11
       9
      11
      11
       2
      12
       7
       6
       5
       8
      10
       9
       8
       7
       7
      10
      12
       3
      10
       5
       9
       3
       8
      10
       7
      10
      14
       9
       6
      13
       8
       8
       8
       7
       7
       8
      11
       5
       6
       7
       6
      10
      13
      12
       6
      16
       5
      14
      12
       8
      13
       9
       9
       9
       7
      12
       5
       9
      11
      13
      13
       8
       8
       7
      11
       9
       8
      10
       6
      10
       6
      17
      14
       9
       8
      11
       5
      12
      11
       8
      10
       8
       5
       5
       7
       6
      10
       8
       4
       9
      11
      11
      16
       5
      11
       6
       3
       8
      12
       4
      10
      13
       8
       8
       8
       7
       9
      10
      11
       9
       4
       8
       2
       5
      13
       6
      11
       6
      10
       5
       9
       9
       6
       7
       8
       8
      13
       8
      10
       7
       3
      14
       8
       8
      10
      11
       6
       9
       5
       7
      14
       8
       6
       9
      15
       6
      12
      11
       6
      11
       7
      10
       8
      11
       8
       3
       9
       2
       7
      11
      10
       9
       8
       8
       6
       4
       6
      13
       4
      15
       8
      10
       5
       7
      10
      13
      10
       8
       8
       6
       7
       8
       9
       9
       8
       9
       5
       9
       7
       9
       9
       6
       7
       9
      12
       2
      11
       8
       9
       7
       3
      10
      10
      15
       8
      15
       7
       9
      15
      10
       5
       2
       9
       5
       3
      10
      13
      13
       7
      13
       7
       8
      11
      12
       4
       9
       3
      10
       7
       3
       6
      11
       9
      11
       5
       4
      14
      11
      11
      13
      10
      14
      12
       7
       4
       5
       9
      12
       8
       8
       7
       7
       9
       9
       7
      10
      12
       2
      10
       6
       9
       9
      12
      11
       7
       7
      13
       8
      11
       5
       8
      10
      10
      11
       7
      10
       9
       3
       6
      11
      13
       9
      11
       7
       6
       6
       8
      13
       9
       8
       9
      10
      10
       5
       5
       7
      11
      14
      10
      14
       8
      10
       6
      14
       9
       4
      10
      14
       6
      12
       9
       9
       3
      12
      16
       8
       8
       5
       8
      10
       8
       5
       8
      12
      14
      12
       6
       6
      13
       5
      11
      12
       6
       3
      10
      13
       5
      12
       9
       6
       9
       7
       8
       9
      11
       7
       6
       9
       8
      15
       8
       9
       6
       4
       8
      12
       8
       7
      12
       8
       6
       8
       8
       4
      15
       9
       4
      15
       4
       8
       9
       8
      12
       8
       5
       8
       7
       5
      15
       5
       8
       7
       3
      11
      11
      10
       7
       5
       5
       7
       4
      10
       9
       9
       9
       4
       5
       8
       8
       9
       7
       5
       7
       8
       6
      11
      12
       5
      10
       7
       8
       7
       7
       9
      10
      12
       7
      14
      10
       8
       9
       4
      10
      12
       8
       7
      14
      14
       3
       8
      14
      11
      12
      15
      17
      10
       6
       6
       4
      11
       7
       5
      10
       7
      11
      13
       7
       9
       4
       7
       8
       6
       8
      14
       6
      10
       8
       9
       6
       8
       8
      15
       6
       7
       5
       6
      10
       7
       8
       9
       8
       7
       7
      10
       6
      11
       8
       8
      11
      10
       6
       6
       4
       7
       5
      10
      11
       5
       8
      11
       5
       9
      12
       5
      10
       8
       5
       8
      11
       7
       6
       8
      12
       5
       7
       6
       7
       7
       8
      14
       6
       6
      10
      11
      15
       7
       8
      11
       8
       9
      12
      12
       7
       9
       8
      14
      10
      12
      11
       8
      10
      10
      14
       9
       6
      19
       9
       5
       9
       5
       6
      10
      12
      12
       5
      17
       8
      11
       7
       8
       9
       9
       5
       8
      12
       9
       6
       8
       7
      13
      15
       8
      12
       8
       8
       5
      10
       7
      10
       9
       9
       9
      13
       7
       5
      10
       5
       9
       9
      14
       6
       4
       9
       5
       6
      10
      14
       6
      10
      10
      11
      13
       4
       7
      10
       8
       5
       7
       5
      12
      12
       7
       6
       8
       5
      10
       5
       6
       6
      12
       6
      13
      21
       5
       9
      12
      11
      12
      11
       6
      13
      10
       3
      13
       7
      10
       8
       6
      12
      10
       7
      11
      10
       8
      13
      12
      10
       7
       5
       6
      11
       8
      11
       8
       7
       8
      11
       7
       3
      12
      13
      13
      13
       5
       9
       6
      19
       9
       5
       4
       6
      11
       9
       8
       7
       7
       7
      12
      10
       7
       9
      11
      15
      11
      15
       7
      11
       7
       6
      18
       6
       4
       4
       9
      14
      11
       6
      10
      12
      12
       7
      11
       8
       6
       9
      14
       8
       7
       7
       9
       7
       7
       8
      14
      11
       6
       8
      18
       5
      12
       2
       8
       7
       5
       9
       8
       5
       9
       7
       7
       7
       8
       8
      13
       8
       5
       7
      11
       8
       8
       7
       3
       5
      13
      11
       9
      13
      11
       4
       6
       8
       7
      10
      14
       4
       5
       5
       6
       7
       7
       8
      10
       3
       9
       5
       6
      10
       6
       6
       8
       6
       8
       6
       8
      12
       9
       9
      11
      11
      15
       7
       6
      10
      19
       8
      13
      14
       9
      17
       9
       4
       5
       5
       6
       8
       9
      13
       7
      11
       2
       9
       3
       7
      11
       9
       9
       9
       5
       6
       9
       9
       7
      13
      11
       4
       8
       7
       5
       6
       7
       9
       6
      11
      10
       7
       9
      18
       4
       8
      11
      11
       6
       7
      12
       7
       6
      11
       7
      11
       8
       7
       6
      11
       8
      11
      10
       7
      14
       5
       9
      11
       6
       6
      18
      10
      10
       9
      15
       7
      11
      16
      11
      10
      10
       7
       8
      15
      13
       9
       8
      10
      10
       9
      11
       9
       7
       7
       8
       9
       7
      10
       9
      11
       9
       4
      14
       6
       6
       6
      11
      11
      10
       3
      12
      10
       8
      14
       5
       8
      11
      12
      10
      12
       7
       6
       7
       7
      15
      12
       9
       8
       8
       6
      10
      10
      10
       7
       5
      14
       8
       9
      13
      14
       4
       8
      11
       9
       9
      15
      12
       5
       6
       5
      13
       6
      11
       4
       7
       4
       8
       9
       8
      14
      11
       3
       8
       4
       7
       2
       6
       7
       8
      11
      11
      14
      11
       6
       4
       7
       7
      12
      12
       8
      10
       7
       6
       4
      10
       8
      11
      10
       9
       8
      15
      10
      12
       9
       8
       4
       8
       9
      13
       9
       7
      10
      10
       6
       4
       6
      11
       9
       7
       6
       5
       8
      11
       9
      10
       7
       9
       8
      12
      13
       7
       6
      11
       6
       6
       5
      10
      14
       4
      10
       8
       9
       7
      11
      13
      10
      10
       5
       3
      12
      17
       5
      10
      12
       7
       8
       2
       5
       9
       8
       6
       7
       7
      10
       9
       7
      11
       7
      12
      10
       9
      14
       8
      11
      12
      10
      15
      12
       7
      12
       5
      12
      14
      10
       6
      13
      13
       7
       3
       4
       7
       9
      16
       8
       5
       8
       7
       9
       6
       8
      12
       8
       6
      14
       7
      12
       7
       6
       8
      10
       8
       6
      13
       7
      13
       9
       9
       8
       9
       5
       9
       7
       7
       9
      11
      10
      14
       6
       9
       9
      10
       8
       6
       9
      11
       7
       4
       5
      10
      12
       8
       8
       8
      10
       6
      11
       6
       8
      13
       9
      11
       7
       8
       6
      10
       8
       4
      10
       2
      11
       9
       9
       4
      11
      10
      14
       6
      12
       6
       5
      10
       7
       6
       7
       5
      10
       7
       1
       4
      13
       8
       8
       8
      18
      10
      11
       9
       7
       6
       5
      12
      12
       6
      11
       3
       7
       3
      11
       7
      10
       5
       9
       7
       7
      12
       2
       8
      15
       9
       6
       7
      15
       6
      12
      12
       6
      12
      12
      10
       9
       9
      10
       9
       5
       9
       9
      10
       8
       7
       8
      11
      10
      11
       5
       9
       8
       5
      13
      13
       4
       9
       6
      10
       7
      11
      10
      11
       7
      13
       8
      12
       7
       7
       7
       7
       6
      10
       9
       9
       9
       6
      17
       9
      10
       9
       8
       5
       7
      10
       9
       9
      10
      11
       7
       9
       8
       6
       3
      10
      11
       9
       8
      12
       6
      14
      12
       5
      11
       6
       9
      10
       8
       9
       8
      10
       4
       8
      10
      14
       4
       9
       6
      14
      12
       7
      10
      12
      11
       9
      12
       8
      14
       5
       8
       5
       7
      10
      18
       9
      11
       9
       6
      10
       6
      11
       9
      11
       7
       5
      12
      13
      10
       7
      10
       9
       4
       6
      12
      11
       8
       9
       9
       7
       2
      12
       6
       5
       9
      11
       8
       7
       4
       9
       7
       8
       9
      14
       6
       9
       6
       6
       9
       8
       8
      10
       8
       9
       7
      10
       9
       6
      10
       5
       7
      13
      11
       6
       6
      11
       8
       9
      16
       9
       8
       7
      13
       8
      12
      12
       9
       9
       5
       7
      10
      10
      11
       8
       7
      14
      10
       8
      13
       7
       6
       6
      15
      11
       3
       9
       8
       7
      13
       8
       7
       9
       9
       7
      11
       4
       4
       5
       6
       5
       6
       4
       4
       8
      12
       8
       8
       8
      12
      13
       8
      11
       6
       7
       4
      11
       8
       6
       6
      13
       5
      12
       4
       8
      10
      10
      11
       7
       7
       9
       9
       9
       9
      12
       9
       9
       7
       4
       7
       4
       6
      11
       9
       5
       7
       5
       9
      12
       7
      16
       3
       9
      10
       9
       5
       6
       5
      13
       8
       8
       6
       9
      10
       9
      12
       7
       5
       4
       9
       9
      10
       6
      10
      11
       9
      10
      14
       8
      10
       7
      10
      12
       5
      11
       6
      11
      12
       8
       9
      11
       8
      11
      11
       9
       5
       6
      10
      12
      12
      10
      17
       3
       7
      13
      14
      13
      12
       9
       6
      14
       5
      12
       7
      10
      15
      10
       8
      12
      13
      11
       9
      12
       7
       8
      12
       8
      13
       5
       8
      16
       7
      11
      11
      10
       9
      12
      13
      11
       5
      14
       9
       8
       9
      10
       8
       9
      10
      13
      10
       8
       5
      10
      16
       7
      13
       8
      11
       9
      11
      13
      14
      13
      11
      13
       8
      12
      11
      11
       5
      13
      10
       9
       7
      11
      13
      12
       7
      11
       8
      15
       9
       9
      15
      10
      12
       8
      15
      15
      13
       4
      11
      10
       8
      11
      10
      13
       6
      12
       8
       6
       9
       8
      11
      15
       6
       9
      11
       7
      13
       7
       8
       9
      11
      13
      15
      10
       8
      13
      12
       7
       9
       9
      11
      13
      10
       8
      10
       8
      12
      11
      11
       8
       8
      16
       7
      13
      12
      16
      10
      12
       7
       9
       6
      15
      10
       8
      11
       8
      14
       9
       4
      10
       6
       8
      16
      10
       8
      10
      10
       8
      14
      13
      12
       7
       8
      11
      11
      12
      12
      15
      11
       8
      12
      10
      10
      15
      13
      10
      20
      11
      20
      10
      13
      11
      11
      13
      19
       9
      11
      13
      13
      15
      20
      20
      17
      25
      20
      10
      10
      15
      11
      12
      18
      15
      17
      22
      11
      10
      20
       8
      19
      16
      16
      15
      14
      17
      17
      18
      13
      19
      12
      19
      12
      16
      16
      14
      20
      17
      27
      22
      19
       9
      23
      26
      19
      25
      12
      22
      16
      20
      24
      17
      30
      22
      22
      23
      23
      19
      22
      32
      26
      22
      29
      23
      24
      26
      29
      31
      29
      28
      28
      26
      30
      29
      26
      37
      43
      28
      32
      32
      36
      32
      36
      40
      46
      41
      47
      39
      58
      68
      52
      52
      59
      63
      53
      71
      54
      83
      80
      88
      81
      91
     109
     107
     121
     124
     143
     127
     173
     172
     165
     212
     223
     223
     257
     300
     326
     377
     399
     422
     416
     568
     591
     613
     663
     750
     835
     923
     976
    1105
    1209
    1304
    1472
    1625
    1626
    1877
    2086
    2305
    2509
    2663
    2892
    3087
    3384
    3621
    3886
    4189
    4663
    4884
    5183
    5510
    5878
    6298
    6961
    7431
    7664
    8350
    8912
    9262
    9876
   10265
   10869
   11445
   11751
   12645
   13232
   13844
   14444
   15047
   15459
   15909
   16611
   17294
   17786
   18420
   19122
   19507
   20108
   20923
   21079
   21742
   22148
   22370
   22719
   23222
   23557
   23909
   24444
   24676
   24882
   24851
   25234
   25657
   25241
   25415
   25704
   25349
   25581
   25552
   25741
   25011
   25141
   24966
   24690
   24706
   24373
   24123
   23893
   23438
   23285
   22930
   22242
   22054
   21684
   21174
   20813
   20493
   20097
   19453
   19297
   18341
   18146
   17785
   17432
   16712
   16270
   16040
   15319
   14895
   14371
   13927
   13648
   13129
   12888
   12440
   11855
   11764
   11167
   10944
   10493
   10203
    9730
    9403
    9034
    8685
    8236
    8197
    7819
    7586
    7460
    7170
    6859
    6668
    6356
    6248
    5907
    5730
    5422
    5527
    5083
    5067
    4869
    4571
    4546
    4339
    4195
    4102
    3979
    3817
    3669
    3564
    3379
    3355
    3114
    3183
    3024
    2850
    2814
    2801
    2644
    2514
    2373
    2491
    2349
    2211
    2111
    2071
    2041
    1905
    1907
    1857
    1805
    1785
    1692
    1661
    1529
    1567
    1520
    1423
    1491
    1430
    1379
    1272
    1309
    1241
    1173
    1196
    1187
    1050
    1091
    1069
    1016
     995
     980
     960
     962
     895
     871
     868
     826
     803
     846
     778
     778
     700
     712
     746
     713
     670
     671
     655
     579
     650
     599
     582
     547
     526
     545
     535
     523
     504
     459
     475
     496
     462
     473
     487
     435
     428
     386
     421
     399
     420
     378
     325
     361
     382
     346
     362
     319
     323
     337
     335
     291
     349
     277
     308
     290
     273
     265
     263
     270
     257
     279
     253
     244
     220
     235
     238
     231
     206
     195
     225
     185
     206
     206
     205
     193
     220
     210
     177
     194
     176
     168
     172
     154
     167
     161
     159
     176
     173
     164
     160
     139
     164
     127
     141
     131
     140
     142
     135
     145
     122
     118
     112
     145
     124
     125
     105
     137
     125
     100
     112
      99
     107
     102
      97
     100
     109
      97
     102
      99
      91
     101
      80
      99
      95
      90
      93
      84
      93
     100
      77
      83
      73
      85
      72
      73
      66
     102
      67
      69
      75
      61
      75
      54
      77
      83
      76
      66
      59
      53
      74
      60
      75
      73
      59
      56
      53
      45
      56
      57
      50
      57
      56
      64
      53
      43
      47
      36
      47
      55
      42
      46
      48
      39
      45
      42
      41
      37
      47
      38
      49
      31
      46
      36
      45
      44
      55
      53
      37
      30
      30
      35
      39
      41
      33
      30
      30
      40
      37
      34
      35
      37
      44
      29
      24
      37
      37
      37
      34
      27
      41
      28
      32
      19
      18
      37
      21
      33
      26
      34
      30
      36
      25
      33
      21
      28
      33
      28
      22
      22
      24
      21
      30
      18
      17
      21
      24
      22
      20
      24
      13
      30
      22
      24
      19
      33
      23
      24
      21
      24
      26
      23
      27
      26
      21
      32
      23
      27
      33
      22
      19
      19
      19
      19
      16
      17
      24
      11
      19
      18
      28
      13
      25
      20
      20
      21
      21
      11
      18
      12
      22
      17
      18
      26
      12
      13
      26
      21
      16
      17
      15
      16
      19
      23
      15
      17
      15
      17
      12
      18
      14
      15
      19
      19
      22
      13
      15
      21
      15
      14
      12
      18
      13
      18
      20
      17
      18
      13
      25
      16
      22
      14
      15
      21
      12
      10
      20
      26
      20
      15
      24
      10
      15
      21
      18
      16
      18
      13
      19
      16
      12
      13
       9
      16
      16
       8
      13
      14
      16
      14
      12
      15
      14
      19
      17
      14
      20
      17
       9
      15
      17
      11
      10
      10
      13
      15
       9
       7
      16
      13
      13
      11
      16
      21
       8
      12
      16
      14
      12
      10
      11
       9
      16
      17
      10
      11
      16
      17
      16
      10
      12
      13
      15
      11
      15
       8
      18
      13
      10
      13
       9
      12
       9
      10
      16
      16
       9
      13
      11
       8
      14
      17
       9
       8
      11
      11
      12
       6
       7
      14
      12
       8
      12
      15
       5
      10
      11
       9
      11
      11
      18
       9
       9
      12
       8
      14
      16
       9
      12
      13
       8
       5
      14
       3
      17
      11
      10
       6
      12
      12
      10
      14
      11
      14
      12
      15
      13
      15
      15
      10
       9
      17
      17
      11
       9
       9
       9
      10
      12
      12
      12
      14
      20
      17
      10
      11
       7
      11
       8
      11
       5
       7
      15
      13
      11
       9
      10
       9
      11
      16
       7
      18
      15
      11
      17
      16
      10
      18
       9
      10
      11
      15
       9
       9
       9
       7
      12
      10
      12
      12
      13
      12
      10
      14
       7
      17
       7
      10
       8
       5
       7
      18
       9
       6
       8
      13
       9
       5
      12
      12
       7
      12
      12
      10
       9
       6
      11
      13
      14
      10
      11
       8
      14
      15
      16
      11
       7
       7
       6
       9
      14
      11
       9
       8
       5
       5
       7
       8
       7
       9
      12
       9
      14
      11
      11
       8
      12
       8
      14
      11
      13
       9
       8
       7
       7
      12
       7
       8
      10
      10
       7
       9
       7
       5
      13
       5
       8
       8
      14
      13
      10
       4
      11
       8
       7
       8
      10
      12
       5
      17
       3
      14
      15
      12
      10
       7
      15
       7
       6
      10
      12
      10
       9
      15
       7
       8
       6
      10
       8
      15
      11
       9
       7
      10
      12
       5
      13
      12
      11
      19
      14
      10
      11
       4
       7
       8
       7
      10
      15
       7
      14
      11
       8
       8
      13
      12
      11
      17
      13
       7
      13
      12
       7
      11
      10
       6
      11
       9
       8
      10
       3
      16
       5
      11
      13
       8
       8
      12
       8
      10
       8
       7
       6
      10
       5
       8
       8
      11
      14
       5
      10
       6
      14
      12
       9
       9
      14
      10
       6
       7
       7
      12
       9
       8
       6
      14
       3
      11
       8
      10
       9
      13
       2
       8
       8
      13
       9
      13
      11
       7
       4
       7
       9
      13
       8
      13
       8
       8
      10
       7
       7
      14
       9
      10
      11
      13
       5
      11
      13
      13
       9
       9
       7
       7
       6
       5
       9
       6
       4
       8
      10
      13
       8
       7
       8
      20
       9
       8
      10
      11
       4
       8
       8
      10
      13
      12
      14
       8
      11
      14
      11
       8
      11
       8
       9
      12
       9
       9
       9
       8
       9
       5
      11
       5
       9
      12
      10
      10
       5
      10
      15
       8
      16
       9
      11
      11
       7
       8
       8
       9
       7
       9
      13
       8
       8
       5
       3
       6
      11
       9
       8
      10
      10
      16
      10
      14
      13
      13
       8
       6
      10
      11
       6
      11
       9
      12
      10
       8
      13
       6
      10
       3
       9
      12
       8
       7
       6
       8
       8
       7
      11
      11
       9
      11
       7
      11
       9
       9
      12
      10
       8
       6
       8
       7
      13
       7
       7
      10
       9
      12
       8
       8
      11
       5
      11
       2
       9
       9
      13
       6
      10
       8
       2
       9
       6
      11
       7
      11
      12
      10
      13
       9
       2
       8
      11
       9
      10
      10
      10
      12
       7
       6
      10
      12
       5
      11
       5
       9
      13
      12
       7
      13
       6
       7
       9
      10
       2
       8
       7
      11
       5
       8
       4
       4
       8
       4
       8
       7
       8
       9
      11
       7
      10
       5
       8
      10
       6
       8
       5
       6
      14
      12
       6
       5
      14
      13
       5
       9
      13
      10
      13
      11
      10
      10
       7
      11
      12
       3
       7
       5
       7
       7
      11
       8
       8
       8
       7
       3
      10
       9
       7
       7
       5
       7
      10
       9
       8
       9
      16
       4
      11
       5
       5
      16
       7
      10
       6
       9
       9
       9
       8
      10
       7
      10
       6
      12
       6
      11
       7
       8
       6
      11
       9
      16
       9
       8
      10
      18
      16
      11
       5
       7
      12
      10
       7
       6
       9
       9
      14
       6
      12
       8
       9
      11
       5
       9
      11
      10
       5
       8
      14
       4
       5
       9
      11
      12
      18
      12
       5
      10
       9
      13
       6
       6
      12
      10
       9
       5
      11
      10
      13
       6
      13
       5
       8
      11
       5
       5
       7
       8
       6
       8
      10
      12
       8
       7
      10
      10
       6
      10
       8
       7
       6
       2
      14
       7
      11
       8
       4
       7
      10
       9
      17
       6
      13
      13
      12
       5
       8
      13
      10
       8
      10
       4
      12
       9
       8
       9
      12
       6
      13
       8
      16
      12
       5
       7
      10
      10
      12
      11
       6
       8
      13
      16
      11
       7
       7
      14
      13
       9
      11
      10
      13
       6
      12
      18
       7
       8
      12
       8
       9
       8
       5
      11
       9
      10
       8
       7
       8
      13
      12
       7
      13
       6
       5
      12
       6
      11
       9
       9
       9
       7
      10
       3
      11
       7
      12
       7
       7
       8
       5
       5
       9
      10
      10
      11
      14
      11
       6
      10
       8
       5
      10
       9
      15
      11
      13
       6
      13
       6
      12
       9
       8
      14
      13
       4
       6
       9
       8
       5
       8
       4
      10
       7
       8
       7
       8
       9
       9
      13
       8
      10
       9
       8
       4
       6
      12
      11
      10
       5
       8
       6
       8
      14
       9
       9
       9
      13
       8
      10
       7
       9
      11
      12
       9
      10
       5
       9
       4
       7
      10
       5
      10
       6
      11
       8
       8
      13
      10
       8
       6
      10
       7
       4
      11
      11
       9
      13
       6
      14
      14
       7
       4
       8
      13
      10
       9
       9
       9
      12
      13
       6
      14
      12
      10
      10
      14
      10
       4
       9
       4
       8
      10
       7
       5
       6
       6
      12
       9
       9
       5
      10
       6
       9
      12
       6
       7
       6
       7
       9
       4
       1
       8
      10
       8
      10
       5
      10
       9
       4
       6
       3
       6
       9
       7
       2
       7
      13
      10
       5
       8
       8
       7
       6
      11
       9
      10
       7
       6
       7
       9
       9
      13
       6
      11
       7
       6
      11
      11
      10
       9
      10
       5
       9
       7
       8
       9
       9
      12
      10
       6
       6
       6
       8
       8
       8
       7
      12
      11
       9
       8
      10
       5
       5
       8
      12
      12
      13
       6
       5
      10
      13
       5
       8
       8
       9
       8
       7
      11
      18
       9
       5
       9
       9
       7
       6
      15
       9
      12
       7
       8
       6
      10
       9
       3
       9
       8
       9
      11
      10
      10
       8
       8
       7
       8
      11
      10
       4
       6
      13
       9
       7
       6
       8
       6
       8
       9
      11
       8
       9
       6
       7
       7
       6
       8
       5
      10
      12
       7
      12
      12
       8
       8
       7
      11
      10
       8
      10
       6
      10
      11
       8
       4
       5
       2
      13
       7
      13
      16
       6
       7
       7
       4
      12
       8
       6
      13
       6
       8
       8
      15
       7
       5
      11
      15
       9
       9
       5
      11
       9
       6
      10
       6
       6
       9
      11
      13
       8
       6
      11
       5
       6
       6
      13
       8
       7
      12
      11
       6
      10
       9
       9
       8
      12
       8
      10
       8
       8
       9
       6
       4
      12
      14
      10
       6
      12
       8
       7
       6
       8
      10
      10
       9
      11
       7
       9
      10
      13
       6
      15
      15
      10
      10
      12
       8
       6
       8
      12
       4
       8
      13
      10
       4
      11
       6
       9
       7
      11
       7
      13
      10
      10
       5
      10
      14
      10
       7
      10
      13
       6
       5
       8
      16
       8
      10
       9
      12
       4
       7
       5
       8
      11
       9
       9
       7
       7
       8
      11
       4
       9
      15
       9
       7
       7
      14
      10
       8
       9
      10
      11
       8
      12
      11
       8
       9
      14
      11
      10
       7
       6
       8
      13
       9
      10
      12
      12
      11
       9
       9
      14
       9
       7
       4
      10
      11
       8
       7
      12
       8
      11
      10
      13
       8
       9
       8
      12
      11
       8
      11
       7
       7
       6
       8
       6
      12
       9
      10
       4
       8
       6
       9
       5
      12
      14
      14
       7
       8
      13
       7
       5
       8
      10
      11
      14
      12
       4
      10
       5
       7
       9
       8
      10
      12
       8
       7
       6
      11
       6
      10
       5
       9
       4
       6
       6
      10
      11
       6
       7
       6
       7
      13
       7
      14
       8
       5
      10
       5
       7
       8
       8
       8
      12
       6
      11
       6
      10
       5
      15
       8
      14
       9
      10
      11
       7
      11
       5
       8
       6
       8
      10
       5
      17
       6
      10
       9
      10
       6
      13
      10
       6
      13
       7
       5
       7
       9
      14
       5
       9
      10
       6
      11
       9
       8
       7
       6
       8
       5
      10
      13
       7
      16
      10
       7
       9
       8
       7
       4
      11
       9
      16
      13
       6
      12
       9
       4
       5
       9
      12
       8
       8
       9
       7
       7
      14
       9
       5
       7
       7
      13
       7
       8
      12
       8
      10
       9
       8
       8
      11
       7
       9
      10
       6
       4
      11
       7
       7
      12
       7
       8
      12
      11
      12
       4
       5
      10
       6
       8
      11
       7
       8
       8
      11
       8
      12
       9
      13
       7
       8
       6
       6
      10
       9
      13
       8
      12
       6
       6
       3
      11
       9
      10
       8
       7
      11
       4
      10
       5
       6
       7
      10
       5
       8
      10
       7
      10
      10
       9
      12
       6
       9
      11
       9
       8
      14
       6
       8
       9
      10
       5
       7
       4
      11
      10
       9
       8
       6
       5
       9
       7
       7
      12
       8
      10
       9
       6
      12
       7
       4
      11
       6
       9
      13
      10
      12
       8
       4
       7
      15
      11
       2
      11
       9
       9
       8
      10
       7
       3
      11
      11
      11
      14
       5
      13
       6
      11
       8
      13
       8
       7
      12
       6
       5
       9
       8
       8
       7
      11
       5
      10
      10
       8
      10
      10
       9
       6
       8
       8
      10
      14
       9
      10
       5
      10
       6
       7
      15
      10
       7
      10
      14
       8
      11
       9
       9
       7
      11
       4
       8
       6
      10
       5
       8
      10
       8
       4
       5
       5
       7
       7
       5
       9
       7
       5
      16
      11
       7
      10
       7
      10
       3
       8
       6
      12
       6
       8
       5
      13
      10
      13
       6
       7
       7
      10
       8
       6
       6
       8
      15
       8
       4
       7
      16
       9
       7
      17
      14
       4
       7
       7
      11
       6
      10
       9
       7
      10
       8
       7
       7
       8
      10
       5
       7
       5
      10
       8
       9
       5
      10
       6
      11
      12
       9
       9
       9
      10
       8
      10
      11
       4
      10
      10
       7
       9
       4
      14
       8
       5
       7
       4
       7
       7
       8
       5
      14
       6
      10
      13
       6
       6
       6
       5
       5
       5
      12
       9
       4
      11
       9
      11
       5
       7
       6
      11
       4
       9
      11
       4
       9
       7
      13
       9
      11
       5
       5
       9
       5
      11
       4
      13
       9
       6
       9
       8
      11
      12
      10
       3
       9
       4
       6
       6
       6
       7
      10
      11
      15
       6
       8
       2
      12
      12
       8
      15
       8
       7
      11
       8
       9
       6
       6
       8
       6
       7
       7
       9
       7
       3
       7
      13
       7
       3
       4
       4
       9
      14
       6
       3
      11
       9
       9
       9
       8
      12
       5
       8
       6
       9
       8
       9
      11
       7
       4
       4
       7
       6
       6
       8
      10
       5
       7
       7
       8
      11
       9
      12
       5
       9
      10
      11
       9
       4
      10
       5
       5
      13
       6
       8
       6
       4
       9
       9
      10
      10
       6
      10
       9
      16
      10
       8
       6
       4
       4
       9
       8
      13
      10
       8
       3
      17
       9
      11
       5
       3
      18
      12
       7
      10
       7
      13
       8
      13
       7
       9
      11
       8
       8
      13
       9
       8
       5
       5
      16
      10
       6
       7
      13
      16
       5
       9
      11
       8
       7
       7
      12
      12
       7
       7
       7
       6
       9
       6
      11
      10
       9
       3
       8
       6
      12
       9
       3
      10
       9
       6
       7
       5
       7
      13
       8
       9
       8
      12
       9
       1
      12
      12
      13
       2
       9
       7
       9
       8
      11
      15
       4
       7
       7
       9
       4
       8
       7
      10
       5
      14
       9
       4
      11
       7
      11
      13
      11
       5
       8
       6
       7
      10
      11
       8
       8
      10
       9
      10
       4
       3
       6
       9
      12
       9
       7
      10
      10
       9
      14
      10
       7
      10
       8
       8
       9
       9
       9
       8
       7
       8
       8
      13
       4
       6
       5
       8
      14
       9
       7
       8
       9
       6
      12
       4
       9
       7
       4
       4
       8
       7
       5
      10
       4
       9
      15
      10
       7
      11
      11
       5
       8
       9
       7
       8
       8
       6
       9
       6
      10
       9
      14
      12
      11
       7
       6
      11
      10
       6
      10
      15
      13
       9
      10
       7
       9
       7
       7
       9
       7
       8
       8
       6
      11
      12
       7
       7
       7
       3
      13
       9
      10
       8
       4
       7
      11
       9
       8
       2
       4
      10
       8
      11
       7
       6
       3
      10
       6
      11
       9
      13
       6
       6
       9
       5
       4
       6
       9
      15
       6
       9
       7
      11
      10
       9
      11
       9
      10
      10
      15
       8
       9
      10
       4
       8
      10
      12
       7
       5
       4
      10
       9
       9
       7
       9
       7
       7
       9
       6
       9
      12
      11
       5
       9
       5
       5
      14
       6
       7
       6
       8
       7
       3
       6
       7
       6
      10
      10
      12
       6
      10
      16
       7
      11
      10
       7
      12
       9
       7
       7
       8
      11
      10
       6
       7
       9
       6
       7
       8
       9
      14
       9
       5
       9
       6
      12
      11
       7
       9
       4
      10
       5
       9
       9
      13
       9
      10
      10
       6
       5
      10
       7
       7
       7
      10
      11
       9
      10
       7
      10
       8
       8
      10
       6
       8
       9
       6
      12
       6
      11
       8
       7
       8
       8
      13
       8
       7
      12
      13
      12
       5
       7
      11
      12
      11
       4
       7
       8
      11
      12
       9
      11
      10
       8
      14
       6
       8
       9
       8
      12
       8
       2
      11
       8
       8
      11
       6
      10
      14
       9
      11
       8
       8
      13
      10
      14
       6
       5
       6
       9
       7
       5
       6
      12
       7
       5
       5
      14
      10
       5
      14
       9
       7
       5
      10
       9
      11
       8
      13
      11
       6
       8
       5
       6
       8
       7
       6
       8
       9
       5
       3
       7
       6
      10
       4
       9
       4
       8
      13
      10
      12
      10
      10
       9
       9
       6
       8
      11
      12
       8
       9
      14
       7
       8
       9
       9
       4
      12
       7
      15
       9
       6
       8
       7
       5
       5
       8
       6
       8
       7
       3
       5
       6
      11
       7
      10
       9
      10
       7
      14
       8
       8
      11
       8
       6
       9
       4
       5
       8
       6
       8
       6
      10
       6
      11
      14
       6
       8
       7
      11
       7
       5
       6
       8
       6
       9
       4
       9
       7
      15
      10
      12
       7
      13
       7
       9
      13
      13
       9
      11
       8
      10
       7
       7
      13
      10
       9
       3
       4
       4
      11
      11
      10
      11
      12
      13
      14
       9
       7
       5
       9
      13
       6
       8
       8
       9
       9
      15
       8
       8
       8
       4
      12
       9
      12
      10
       9
      11
       5
      10
       5
       3
      10
       6
       9
       8
      11
       7
       9
       5
       5
      13
      12
       9
      11
      10
      12
       5
      12
       6
       6
      11
      11
       6
      10
      10
       9
       8
      14
       1
       7
      12
      11
       9
       9
       8
      10
       9
       8
       9
      13
       7
       9
       9
      15
      11
       9
       4
       9
       8
      13
      10
       5
       4
       9
       4
       9
       8
       8
      11
       6
       5
      10
       8
      10
       6
       9
      10
      10
       6
      13
       5
      10
      10
      12
       7
       6
      10
      14
       4
       6
       5
       5
       9
       8
      11
       7
       7
      18
       4
       8
      10
      10
      10
       5
       7
       4
      11
       6
       6
      11
       5
       5
       9
      13
      11
       5
       6
       6
      11
      11
      12
       7
      10
      10
       9
       6
      14
       5
       9
       8
       6
      10
      15
       5
       7
      10
      10
      10
      11
       4
       9
       8
       8
      11
       7
      10
       7
      12
       7
       5
       8
      11
       8
       7
       7
       7
       7
      11
      10
      11
      11
       7
       9
       8
      12
       9
       5
      14
       9
       7
       5
       9
       4
       7
      13
       7
       9
       3
       3
       5
       4
      11
       8
      12
      11
       8
       6
       3
       9
       6
       4
       8
       9
       9
      11
      10
      12
       8
       7
      11
       9
       6
       7
       6
       7
       9
       4
       5
      12
       7
      11
       9
       9
      11
      13
       7
       6
      10
       8
      10
       4
       7
       8
      10
       8
       7
      10
       5
       9
      13
       6
       8
       7
       7
       5
       6
      12
       9
       8
       6
       4
       9
       8
       8
      10
       5
       3
       8
       4
       7
      10
       6
       4
       9
      13
      10
       3
       9
      10
       9
      15
      14
       9
      13
      13
      10
       9
       9
       4
       6
       9
       7
      15
       8
       9
       5
      11
       5
      11
       6
      10
       8
      10
       9
       7
       7
       9
       6
       7
       8
       5
       7
       9
       6
      12
       8
      16
      12
       6
      10
      14
       5
       4
       7
       9
       8
       9
       9
       9
       6
       9
      13
       8
      10
       9
      14
       7
       7
       8
       5
       8
       9
       7
      14
       8
      13
       7
       7
      11
       7
       9
       5
      15
       6
      11
      10
      11
      16
      10
      10
      11
      10
       7
       5
       7
      14
       7
       8
       7
       7
       9
      10
       9
       3
       9
       8
      11
      10
      10
       6
       6
       9
       4
       9
       7
      14
       3
      16
      11
       8
      10
       5
       5
      12
       8
       7
      12
      12
      11
       6
       6
      10
       5
      12
      11
      12
       9
       5
      11
       9
       9
       5
      11
       9
      11
       8
      13
      11
       5
       5
      10
       2
      12
       4
       7
       7
      12
       5
       9
      15
       7
       8
       7
      10
       5
       6
       6
       7
      12
       8
       6
       7
       7
      10
       7
       8
      11
      10
      12
      14
      11
      14
      12
       7
      13
      10
       7
       7
       8
      12
      12
       6
       7
      14
       5
       8
       8
       5
       8
       7
       8
       9
      13
       7
      11
      10
       7
       6
      15
       6
       6
       8
       5
      10
      13
      10
       7
       9
      15
      16
       5
      11
       9
       9
       9
      13
       3
       8
      11
      10
       8
      13
       8
      10
      10
       9
      10
       6
       9
       7
       9
       8
       9
       5
      11
       7
       7
       9
       8
       5
       7
       8
      13
       5
      12
       7
      10
       7
       2
       9
      12
       7
       8
       7
      12
       7
       7
       4
       4
      11
       7
      11
      10
      11
       9
       3
      11
       5
       7
      12
       6
      12
      10
       7
       8
       8
      11
       7
      12
       2
       8
      10
       7
       8
      10
       5
       8
       6
      10
       7
       9
      10
       9
       8
       3
       6
       7
       5
       5
       7
       9
       6
       6
      15
       5
      12
       8
       9
      14
      12
       7
       7
       8
       2
      12
       3
      16
      12
       7
       6
      14
       4
      11
       7
       3
      10
       9
       6
       7
       4
       7
      12
       8
      13
       8
      11
      10
       9
      10
       9
      14
       9
       9
       7
       9
       5
      10
       7
      12
       5
       5
      10
      13
       7
       5
      10
       6
       8
       5
      10
       9
      11
       2
       8
      14
       5
      11
       8
       9
       8
      11
       5
       7
      10
      10
       4
       6
       9
       8
       8
       5
       5
       7
      11
      10
      13
       8
      10
      11
      11
      10
       8
       9
      12
       9
      11
      12
       5
      11
       6
      11
       6
       6
       9
      12
       7
      12
      16
       9
       3
      10
       9
      11
      16
       7
      13
      17
       5
       8
       9
       3
       9
       4
       4
      10
       8
      12
       7
       7
       9
       6
      11
       4
       5
       8
       3
       5
      10
       7
       7
       8
      14
       8
      12
       7
       9
       7
       8
       9
       9
       6
       8
       9
      10
      13
       8
       6
      13
       5
      13
       6
       8
       8
      10
      12
       8
      11
       8
      10
       8
       4
      10
       5
      11
       7
      13
       6
       9
       7
       8
       4
      10
      10
       8
       7
      10
      10
       6
      12
       7
       5
      10
       4
       4
      12
       7
       8
      14
       8
       9
      11
      11
       7
      17
      10
       9
       7
      10
      11
       7
      15
       7
      12
      10
      10
      13
      16
      13
       9
       9
      23
      11
       9
       9
       9
      12
       8
       9
       5
       5
      10
       5
      10
       7
       6
      14
       8
       8
       8
       5
      10
      11
      11
       4
       9
      11
       5
       7
       8
      11
       5
       8
       5
       7
       9
       8
      13
      11
      11
      11
       7
       8
      13
       7
       4
       3
       7
       3
       8
      11
       7
       8
      10
       5
      11
       7
       7
      10
      11
       5
       7
       5
       9
       9
      11
      16
       7
       8
      10
      16
       7
       7
      11
      12
      12
       4
       9
       9
       7
       8
      16
       9
       7
       8
      13
       6
       7
       8
      10
      14
      13
       6
      13
      10
       9
       4
      12
       5
       9
       8
      12
       8
      13
       9
       7
      10
       8
       7
       5
       4
       3
       7
      12
       5
       9
      11
       8
      12
       7
      11
       5
       6
       8
       6
       5
       2
       6
      11
       6
       8
      11
      11
       6
       8
       2
      10
      11
       9
       8
       7
      14
       7
       7
       9
       8
       6
       7
      10
       9
       8
      10
       1
       5
      11
       5
      12
       7
       6
      11
      10
       7
       8
       3
       7
       7
       9
       8
       6
      10
       6
       6
       6
       6
       8
       4
      11
       6
       7
      10
      12
      10
      10
       9
      10
       9
      11
       4
       7
      13
      12
       7
       3
       5
       7
      10
       8
       8
      10
      13
      12
       9
       8
       9
       5
       8
       8
      11
       9
       5
       3
      11
       5
      15
      11
      12
      10
       9
       9
       9
       5
      10
       7
      10
       7
       7
       9
      10
       5
      14
       9
       7
      10
       8
       6
      11
       8
       4
       7
       7
       8
      10
      12
       5
       2
      10
       9
       3
      11
       6
       9
      10
      10
       4
       6
       5
       8
      10
      11
      13
       7
      10
       6
       6
       6
       8
       7
       7
       8
      11
       8
       8
      12
      10
       6
       7
       8
       6
      12
       6
       3
       7
       3
       5
       6
       3
      11
       5
      11
       9
       8
       5
       7
       9
       9
       7
       6
      14
       9
       9
      10
      12
      15
       8
       8
      10
       8
       9
       6
       9
       6
      12
       7
       5
       9
       5
      10
       4
       9
      15
       8
      11
       5
      12
      10
       8
       8
       8
       8
       8
       9
       9
      11
       9
       4
       5
      13
       9
       7
       5
      12
       9
      12
       7
       7
      10
       9
       4
       4
       9
       4
      11
      14
       5
       5
       7
       6
       7
       8
      13
       9
      13
      11
      13
       8
       7
       5
      12
      11
      10
      10
      10
      13
      12
       9
       6
       8
       7
       7
      10
       8
       3
      13
       9
       7
      13
      10
       8
       8
       5
       8
       8
       3
      11
       5
       5
       9
       6
       9
       8
      11
      14
      12
      14
      15
       9
      10
       7
       8
      13
       5
       4
       9
       7
       6
       4
       3
      10
       5
       4
       8
       9
       9
       8
       6
       7
       4
       8
       6
       7
      11
      12
       7
       7
      10
      10
       5
       7
       9
       4
      11
       9
       8
      10
       7
      10
      16
       5
       7
      10
       5
       7
       7
      11
      12
      10
       9
       5
      10
       7
       9
       6
       7
       7
       9
       9
       8
      11
       7
       8
      13
      11
       9
       7
       8
      13
       6
       8
       9
       5
      12
      11
      10
       6
      10
       8
      10
       5
      10
      10
      11
       8
       9
       8
      10
       8
      10
       6
       7
       5
      10
       1
      13
      13
       8
       7
      14
       9
       7
       4
       6
      14
       7
      10
       6
       9
      15
       6
      11
       6
       9
       7
      15
      14
      12
       6
       6
      12
      10
       6
       3
       6
       8
      12
       7
       6
      10
      10
       5
      12
       7
       8
      13
      11
      14
      11
       8
       7
      11
       5
      11
       8
      10
       6
      10
       9
       8
       3
      17
       8
       5
       9
       9
       8
       8
       8
       2
       8
       8
       9
      14
      13
      11
       9
       3
       8
       7
      11
       9
      11
       6
       5
       8
       4
       9
       6
      14
       8
       6
      12
       7
       6
      11
       9
      12
       3
      10
      15
      10
      11
       9
       8
       6
      11
       8
      13
       8
      10
       8
       9
       5
       5
       7
       8
       8
       8
       8
      11
       5
      13
       5
       7
       9
       6
       8
       7
      10
       7
       8
       6
       7
       8
      11
      10
       4
       6
      15
       9
       9
      15
       9
       6
       3
      13
       6
      10
       8
       7
       4
       9
       9
       8
       7
      10
      15
       7
       8
      14
      11
      10
      11
      10
      10
      10
       7
      10
       6
       6
       5
       9
       6
      11
       8
      10
      12
       8
       3
       6
       9
       9
      11
       3
       7
       7
       7
       5
       6
       2
       7
       7
       5
       5
      12
       9
      11
       9
       9
       7
       4
       6
       8
       1
      11
       8
      12
      10
       9
       9
       7
       9
       7
       9
       3
      13
      10
       8
       4
       4
       2
       9
       9
       9
      11
       8
       6
       6
       6
      10
       6
       6
      11
       9
       6
      10
       7
      12
       9
       9
       7
      12
       7
       9
      10
      10
       7
       6
       8
      12
      11
       4
       9
       7
       9
       6
       6
      11
       8
       9
      12
       9
       5
       8
       8
       1
       5
       3
      11
       7
      12
      20
       6
      10
       5
       6
      12
      14
       8
       8
       9
       6
       7
       9
       8
       6
       9
      10
       8
       8
      13
       8
       2
       5
      13
       5
       9
       4
       8
       7
      12
       9
       7
       5
      10
       9
      14
      11
       8
       8
       8
       8
       8
       7
      11
       5
      12
      10
      11
       9
      11
       8
       7
       7
       4
      10
      10
      10
       7
      10
      11
      12
       9
      14
       9
       7
      10
      10
       5
       9
      11
       9
       2
       5
       6
       8
       7
       9
      10
       8
      10
       7
      10
       6
       7
       4
      10
      11
      12
       6
       7
      10
      12
      11
       7
      14
       7
       3
       5
       7
      13
      12
       2
       5
       5
       4
       7
       8
       9
       9
       7
       4
       5
       7
       8
      11
       8
      11
       5
       5
       6
       5
      11
       8
       4
      11
      17
      11
       6
       4
      14
       8
       7
       8
      10
      11
      12
       5
       7
       6
       5
       7
       3
       9
       9
       9
      13
       7
       7
      13
       8
       7
       6
      11
       7
       8
       9
      10
      10
       5
      12
       5
       5
       9
      10
       6
       5
      11
       9
      17
       4
       4
      10
      10
       9
       4
       6
      11
      14
      12
       7
       8
      12
       5
      12
       8
       9
       9
       6
      13
       4
       9
      11
      13
      10
      10
       2
       8
       9
       5
       8
       9
       8
      10
       6
       7
       5
      15
       8
       8
       8
      10
       6
       7
      13
       8
      10
       9
      17
       9
       6
      12
       8
       7
       9
       9
       7
       5
       9
       9
      10
       9
      11
      10
      11
       9
       9
       6
       7
       7
       6
       8
       9
       8
       8
       2
       9
       9
      12
      11
       7
       5
       8
       4
       2
       9
      11
      11
      13
      10
      11
       7
       8
       7
      17
       9
       6
       9
       5
       7
       6
       9
       9
       6
       9
      15
       5
       7
       6
       9
       8
      15
      10
      11
      11
       5
       5
       9
       3
       4
       7
      10
      11
       9
       8
       4
      13
       3
       5
      11
       6
       7
       5
       6
      10
       3
       9
       8
      13
      10
       5
       8
      11
      15
       6
       9
       8
      10
      10
      14
       8
       5
       8
       5
       9
       4
      10
       6
      10
       5
       8
      15
      15
       6
       8
      12
      11
       9
       3
       9
      11
       9
       6
      10
       8
       9
       7
      11
      10
       5
       5
      10
       8
      11
      13
       8
      11
      13
      13
       7
       7
      10
       4
      10
       9
       7
       8
      11
       8
       6
       4
       7
       4
      15
      11
      13
      10
      12
      12
      10
      13
       5
       9
       8
       9
      11
      10
      10
       8
       6
       8
       6
       7
       8
       9
      16
       6
       7
      10
       8
      10
       9
      16
       6
       9
       6
       9
       8
       8
       5
       9
       4
      12
       3
       4
      11
       4
      13
       9
      10
       7
      10
      11
      14
       9
       7
      10
      10
      11
       9
      11
       6
       7
       8
       6
       7
      11
      10
       9
      17
       8
      19
       6
      14
       8
       8
      10
       9
       8
       8
       3
       6
       5
      13
       6
      10
      10
      10
      10
      12
       6
       6
       5
       6
       6
       5
       8
      12
      12
       6
      11
       8
       8
       8
      11
       7
      14
       9
       8
       5
       5
       9
       4
      12
       6
       7
      11
      12
       6
      10
      10
       9
       7
       7
       7
       9
       6
      12
       8
       7
      10
      10
      14
       4
       9
      12
       6
       7
      10
      12
       6
      11
       7
      15
       9
       7
       6
      13
      10
       9
       9
       8
       6
       8
      10
       8
      10
       8
      12
       6
       5
      13
       7
      14
      12
      12
      10
      11
       5
       9
      12
      12
       6
       9
      12
       8
       6
      10
       9
      13
       8
       8
       4
       3
       8
      13
       3
       6
       7
       5
       6
       9
       5
      11
       6
       5
      10
       9
       6
       6
       6
      16
       7
      12
       3
      10
      11
       9
      12
       8
       6
       8
      10
      10
       6
      10
       7
       8
      12
       4
       7
      11
       4
       6
      13
      14
       7
      11
       9
       6
       7
      14
       8
       8
      12
      10
       7
       9
       8
       7
      10
       9
       8
       8
      15
       2
       7
      11
       7
       8
      11
       7
      15
       8
       7
       9
       9
       6
       4
       4
      10
       9
       8
      11
       7
      10
       6
       8
       6
      14
       5
       6
      15
       7
      14
      12
      14
       5
       8
       9
       5
      11
       9
      12
       7
      11
       4
       6
       8
       9
      11
       5
       6
      12
       4
      12
      11
       3
      10
      17
       9
       3
       4
       9
       5
      10
       5
       6
      12
       8
      20
      11
       9
       5
       7
      10
       7
       7
      12
       9
      11
       7
      11
      10
      10
       7
      10
      15
       8
       9
       7
      10
       6
      15
      13
      12
       7
      13
      10
      10
       6
      11
       7
       6
      11
       6
      16
       9
       7
       5
       7
      12
      11
      12
      12
      10
       8
      12
       7
      10
       9
      11
      11
       6
      13
       5
      12
      11
      11
       9
       7
      12
       9
       8
      14
       8
       4
       8
      11
      10
      11
       4
       9
      12
       5
       6
       6
      10
       7
      10
       9
       8
       9
       6
       6
       3
      14
      14
       9
       6
       7
       7
      14
       8
       5
       9
       7
      10
      10
       5
       4
      13
       4
       5
      11
       8
       8
       4
       5
       5
      10
       6
      11
       8
       9
       8
      12
       6
      13
       8
       8
       6
      12
       5
       5
       9
       6
      11
       4
       7
       6
      13
       7
      15
       5
      14
      15
       7
      14
       7
       8
      15
       5
       7
       8
       4
       5
       9
      10
      14
      10
       5
      12
       4
       9
      10
       7
       7
       8
       6
       6
       6
       8
       8
       8
       5
       6
      10
       9
       6
       8
      11
       4
       9
      11
       6
       9
      12
      10
       9
      12
       8
       8
       9
       4
       5
       9
      17
       4
      10
      11
      12
       7
       6
       6
       5
       8
       7
       2
       9
       8
      11
       6
       9
       8
       6
       9
       3
       9
      12
      14
       7
       6
      11
       6
       9
       4
       7
      11
      12
       7
       6
       6
       5
       3
      14
       6
       9
      11
       6
      12
       8
       9
      14
       8
      14
      10
       6
       5
      10
       8
       8
      11
       8
      10
       6
       7
      12
       9
       5
       6
       9
       3
       8
       3
      10
      10
       7
       6
       8
      13
       8
      11
      11
       5
      11
       6
       4
      10
      12
       9
      11
       8
       8
       8
       6
       5
       6
       9
       3
       7
       7
      10
      14
       8
      10
      17
       8
       7
       8
       8
       7
      14
       8
       6
       6
       6
       8
       9
      10
       8
      12
      11
       9
       9
      12
       5
      11
       6
       5
      10
       5
       6
      12
       7
      12
       6
      18
      10
       5
       7
      12
      10
      10
       7
      11
      10
      10
      17
       7
       9
       6
       7
      11
      18
       5
       7
       7
      13
      14
      15
      11
      22
      16
      14
      13
      15
      18
      18
       9
      20
      18
      10
      15
      11
      12
      20
      22
      11
      13
      17
      15
      13
      16
      20
      13
      11
       7
       9
      17
      13
      12
       8
      19
      16
      22
      10
       5
      15
      11
       6
      14
      12
      10
       9
      12
      14
      11
      11
      12
      10
      12
       7
       9
      12
      10
       7
      16
      12
      12
       6
      10
       9
      16
      13
      14
       8
      10
      10
      13
      11
      10
       8
      13
      11
       8
       8
      10
      10
       7
       3
      14
       9
       9
      12
      10
      17
       2
      10
       7
       7
       6
       9
       6
       3
      10
       9
       5
      11
      10
       7
      10
      14
       6
       4
       3
       7
       5
      12
       2
       6
       6
       9
       4
       5
       3
       7
       5
      10
       7
       7
       7
       7
      12
       2
       6
       1
       3
       4
       7
       3
       3
       1
       2
       7
       3
       3
       0
       5
       3
       5
       3
       4
       4
       2
       4
       3
       4
       2
       1
       7
       2
       4
       6
       2
       3
       3
       2
       1
       2
       2
       0
       0
       3
       3
       0
       0
       1
       2
       2
       0
       2
       0
       1
       1
       0
       2
       2
       1
       0
       0
       0
       1
$ROI:
1
100 8106
$PRESETS:
Live Time
14400
0
$ENER_FIT:
17.924391 0.174355
$MCA_CAL:
3
1.792439E+001 1.743549E-001 0.000000E+000 keV
$SHAPE_CAL:
3
8.021912E+002 0.000000E+000 0.000000E+000
