$SPEC_ID:
No sample description was entered.
$SPEC_REM:
DET# 1
DETDESC# MAESTROPC MCB 337
AP# Maestro Version 6.08
$DATE_MEA:
04/06/2016 02:50:43
$MEAS_TIM:
14400 14422
$DATA:
0 8191
       0
       0
       0
       0
       0
       0
       0
       0
       0
       0
       0
       0
       0
       0
       0
       0
       0
       0
       0
       0
       0
       0
       0
       0
       0
       0
       0
       0
       0
       0
       0
       0
       0
       0
       0
       0
       0
       0
       0
       0
       0
       0
       0
       0
       0
       0
       0
       0
       0
       0
       0
       0
       0
       0
       0
       0
       0
       0
       0
       0
       0
       0
       0
       0
       0
       0
       0
       0
       0
       0
       0
       0
       0
       0
       0
       0
       0
       0
       0
       0
       0
       0
       0
       0
       0
       0
       0
       0
       0
       0
       0
       0
       0
       0
       0
       0
       0
       0
       0
       0
       0
       0
       0
       0
       0
       0
       0
       0
       0
       0
       0
       0
       0
       0
       0
       0
       0
       0
       0
       0
       0
       0
       0
       0
       0
       0
       0
       0
       0
       0
       0
       0
       0
       0
       0
       0
       0
       0
       0
       0
       0
       0
       0
       0
       0
       0
       0
       0
       0
       0
       0
       0
       0
       0
       0
       0
       0
       0
       0
       0
       0
       0
       0
       0
       0
       0
       0
       0
       0
       0
       0
       0
       0
       0
       0
       0
       0
       0
       0
       0
       0
       0
       0
       0
       0
       0
       0
       0
       0
       0
       0
       0
       0
       0
       0
       0
       0
       0
       0
       0
       0
       0
       0
       0
       0
       0
       0
       0
       0
       0
       0
       0
       0
       0
       0
       0
       0
       0
       1
       0
       0
       0
       0
       0
       0
       0
       0
       0
       0
       0
       0
       0
       0
       0
       0
       0
       0
       0
       0
       0
       0
       0
       0
       0
       0
       0
       0
       0
       0
       0
       0
       0
       0
       0
       0
       0
       0
       0
       0
       0
       0
       0
       0
       0
       0
       0
       0
       0
       0
       0
       0
       0
       0
       0
       0
       0
       0
       0
       0
       0
       0
       0
       0
       0
       0
       0
       0
       0
       0
       0
       0
       0
       0
       0
       0
       0
       0
       0
       0
       0
       0
       0
       0
       0
       0
       0
       0
       0
       0
       0
       0
       0
       0
       0
       0
       0
       0
       0
       0
       0
       0
       0
       0
       0
       0
       0
       0
       0
       0
       0
       0
       0
       0
       0
       0
       0
       0
       0
       0
       0
       0
       0
       0
       0
       0
       0
       0
       0
       0
       0
       0
       0
       0
       0
       0
       0
       0
       0
       0
       0
       0
       0
       0
       0
       0
       0
       0
       0
       0
       0
       0
       0
       0
       0
       0
       0
       0
       0
       0
       0
       0
       0
       0
       0
       0
       0
       0
       0
       0
       0
       0
       0
       0
       0
       0
       0
       0
       0
       0
       0
       0
       0
       0
       0
       0
       0
       0
       0
       0
       0
       0
       0
       0
       0
       0
       0
       0
       0
       0
       0
       0
       0
       0
       0
       0
       0
       0
       0
       0
       0
       0
       0
       0
       0
       0
       0
       0
       0
       0
       0
       0
       0
       0
       0
       0
       0
       0
       0
       0
       0
       0
       0
       0
       0
       0
       0
       0
       0
       0
       0
       0
       0
       0
       0
       0
       0
       0
       0
       0
       0
       0
       0
       0
       0
       0
       0
       0
       0
       0
       0
       0
       0
       0
       0
       0
       0
       0
       0
       0
       0
       0
       0
       0
       0
       0
       0
       0
       0
       0
       0
       0
       0
       0
       0
       0
       0
       0
       0
       0
       0
       0
       0
       0
       0
       0
       1
       0
       0
       0
       0
       0
       0
       0
       0
       0
       0
       0
       0
       0
       0
       0
       0
       0
       0
       0
       0
       0
       0
       0
       0
       0
       0
       0
       0
       0
       0
       0
       0
       0
       0
       0
       0
       0
       0
       0
       0
       0
       0
       0
       0
       0
       1
       0
       2
       0
       0
       1
       0
       0
       1
       2
       8
       8
       7
      11
       8
       6
      13
       6
       9
       6
      10
       8
       7
       7
       8
      11
       8
       9
       7
       6
      11
       9
       8
      10
       8
       7
       6
      10
       6
       9
       4
       6
      11
      10
       7
       6
      12
       7
       5
      10
      10
       9
      10
       5
      11
       7
      11
       7
       2
       9
       8
      10
      13
       8
       4
      10
       8
       8
      10
       6
       7
       3
       5
       9
      19
       8
      12
      13
      11
       6
       9
      13
       5
       5
      10
      14
      11
      10
      11
       7
      12
      11
       8
       7
       8
       7
       9
      13
       2
       7
       6
       8
       6
       7
      10
       8
       8
      10
      11
       9
       6
       8
      10
      11
      14
      11
       4
       8
       8
      11
      13
       3
       8
      16
      12
       8
      15
       8
       8
       5
       6
      12
       7
       7
       9
      11
       4
       7
       6
       5
       9
       7
      11
       9
       6
      11
       8
       6
       6
       7
       8
       4
       8
       5
      12
      12
      15
       8
       8
       8
       8
       8
       1
       6
       7
       7
      10
       4
       8
       5
       9
      12
       5
       5
       5
       6
      11
       5
       7
       8
      16
       7
       8
      11
      10
       3
       7
      11
      10
      11
       9
       7
      15
       9
       8
       7
      11
      11
      11
       4
      10
      13
      10
       8
      12
      10
       8
      11
       4
      12
      11
       7
       7
       8
       7
      13
       2
      13
       4
       9
       6
       9
      13
       5
       7
      13
       3
      10
       9
       8
       7
      11
      10
      11
       6
       6
       6
      13
       6
       7
       9
       6
      12
      10
       9
       5
       5
       7
      11
       5
       8
       9
       9
       6
      13
      12
       8
      14
      11
       6
       8
       4
       6
       7
      16
       9
      10
      11
       6
       4
      10
      12
       6
       4
       8
       3
       7
       5
      10
       9
       7
      11
      11
       6
      10
       7
       6
      16
       8
      10
       4
       5
       9
      11
      11
       5
      14
       8
      11
      11
       8
       8
       6
      13
      10
       9
       5
      11
       9
       6
      12
       6
      15
       6
      12
      16
       6
       6
       9
       7
       9
       8
      13
       7
       9
      12
      12
      11
       9
      12
       9
       7
       9
       7
       9
       6
      10
      12
      12
       5
       6
       9
       6
       8
       7
       8
      13
      10
       8
       8
      13
       3
      14
      18
      13
       9
      14
       5
       9
       6
       9
       4
       6
       6
       7
       9
      10
       4
       5
      11
      11
       9
       9
       3
      12
       9
      10
      12
       5
       9
       8
       5
      13
       6
      12
       8
       8
       9
       9
       7
       5
      14
       7
       6
       4
       9
       8
       9
       9
       5
       6
       8
       4
       8
       7
      11
       2
      11
       8
      14
       5
      10
       8
       7
       9
      12
      10
      10
       6
       7
      10
      12
       6
       8
       8
      14
       8
       3
       5
      15
      11
       7
       6
       8
       9
      10
      11
       8
      12
      10
       4
       3
      12
      13
      12
      11
       6
      10
      12
       8
       6
       9
       3
      11
       4
       4
       7
       6
      14
       9
       4
       7
       6
       6
      11
      13
      11
       5
      10
       8
       8
      12
      11
       8
       6
       3
      11
       8
       8
       6
       7
      10
      12
       9
       8
      12
       6
       5
       9
       9
      12
       9
      12
       8
      10
       9
       9
       7
      10
      11
       8
       4
       9
       8
      10
      13
       6
       7
       7
       7
       7
       6
      11
       7
       4
       9
       9
      11
      12
       7
       9
      13
       9
      10
       7
       6
      10
      11
       8
      10
      11
       7
       6
       5
       8
       7
       7
       8
      18
      10
       3
       9
      13
       7
      11
      12
       7
       6
      13
      13
      12
      12
       9
       6
      10
      11
       8
      10
      12
       7
      11
       4
       7
       9
      10
      11
      10
       7
      13
       6
       4
       8
      13
       5
      10
      14
       7
       7
      10
       8
      13
       7
       8
      10
       7
      20
       6
       8
       7
      11
       7
      10
       8
      14
      13
       8
       7
       7
       3
       6
       7
       8
      14
      11
       8
      17
      14
       8
      13
       9
       5
       6
      10
       9
      10
      12
      12
       7
      12
       8
       7
      14
       7
       7
       9
       4
       8
       9
       8
      14
      12
       9
       6
       9
      11
       9
       9
      12
      10
      11
       4
      10
       8
       9
       8
       9
       4
       7
      11
       7
       9
       8
      10
      14
       9
       8
       5
       5
      11
       5
      11
       5
       1
       6
       9
      12
      10
       8
       8
       8
      11
      10
      10
      10
      11
      11
      13
       5
       9
       9
      11
       8
       6
       8
       7
       8
       4
       6
      10
      11
      10
       7
       7
       5
       7
       9
       6
       4
       8
       5
       3
       6
       5
       9
      12
       9
       8
      10
      11
       8
      13
       6
       6
       5
       7
       9
       8
       7
       6
      12
       8
       5
       5
       8
       9
       6
      10
      10
       7
       6
      11
       9
      11
       8
      12
       9
       7
       7
       7
      12
       6
       9
      11
       5
       6
       7
       9
      10
       6
       8
       7
       9
       5
      12
       9
      11
       6
      12
       7
      13
      13
       7
       8
       8
      10
       4
      12
      10
      12
       7
       5
      15
       9
       6
       9
      15
      11
       8
       9
      13
       6
       6
       7
       8
       4
       8
       4
       7
       7
      13
      11
       9
       6
       7
      11
       4
       9
      10
       5
      14
      14
       7
       8
       9
      10
      11
       3
       9
       8
      10
      10
      10
       8
       9
      10
      13
       5
       7
      11
       8
       4
      11
       6
       6
      10
      12
       8
       6
       6
       6
       6
      10
       8
       7
       7
       7
       6
      12
      10
       6
      10
       6
      12
      10
       7
       7
       4
      12
       9
      11
       8
       4
       5
      14
       8
      14
       9
       4
       7
      12
       4
       4
      14
      10
       5
       9
       6
       8
       5
      10
      15
       9
       8
       9
      10
      10
       8
      12
       8
       7
       6
       8
      11
       5
       6
      14
       5
       8
      10
       7
      15
       6
      10
       9
       9
       4
      10
       5
       5
      13
       9
      11
      13
      13
       6
       8
       8
      11
       4
       6
      13
      10
       6
      13
      10
       8
       5
       9
       9
      12
       9
      10
       6
      10
       8
       9
      11
       8
       6
      16
      13
      12
       7
       7
      10
       5
      11
       8
       4
       4
      12
       7
      11
      11
      10
      11
      13
       9
      13
       7
       7
      10
      14
      10
       8
       8
       5
      10
      12
      10
       9
       6
      12
       9
       6
       6
       8
       4
       6
       7
       9
      10
       8
       7
       7
      15
       5
      11
      11
      13
       6
       9
       7
       7
       8
       9
       9
       8
       6
       5
       4
       6
       8
       8
       8
       9
      10
       8
       2
       7
       8
      14
       9
      13
      10
       9
      10
       7
      13
      11
      10
       5
       9
       9
      11
       8
      11
      10
       8
       6
       9
      10
       9
       5
      11
       4
       6
      11
       8
       5
      10
      11
      14
      10
       9
      12
      11
       6
       6
      10
      12
      12
       9
      11
      10
      12
       6
       6
       7
      13
       9
       8
      10
       7
       9
       9
       4
       7
      11
       6
       9
       7
      15
       8
      10
       9
       7
      11
       5
      13
      14
       5
      13
      15
       6
      10
      12
       5
       9
       8
      14
      11
       5
       6
       8
       8
      10
       7
       8
       6
       8
       5
       5
       5
      10
       8
       5
      14
       6
      12
       9
      10
       5
      10
       6
       9
       7
       3
       9
       9
      12
       9
      10
      14
       5
      14
       9
       8
       8
      12
       9
       5
      15
       7
       3
       9
      11
       8
      11
       8
      10
       9
       9
       9
       4
       5
      12
      10
       4
       5
      12
       7
       8
      14
      16
       9
      10
       4
       4
      14
       5
       8
       6
       7
      11
       9
       8
       8
       8
       7
      10
       7
      10
      10
      13
      12
       7
      10
      10
       4
      11
       7
      10
       5
      17
      10
       7
       8
      11
      12
       4
       6
       8
       7
      10
       5
       8
       5
       8
      11
       8
       7
       3
       3
       6
      10
       4
       8
       5
       7
      11
      11
       5
       8
      10
      10
      17
       8
      11
       8
       7
      12
      10
       8
      10
       6
      13
       7
      10
       2
      14
       9
       8
       6
       5
       6
       7
       9
       7
       9
      11
       6
       5
      12
       9
       6
       6
       4
       9
       6
       9
       9
       4
       6
       9
       6
       8
      13
      13
      10
      13
       9
      11
      12
      19
      11
       8
       7
       9
       4
       7
       5
       6
       5
      10
      10
       8
       7
       5
       7
       7
       7
       8
      13
      10
      10
      10
       6
       8
      11
      11
       9
       9
       4
       3
       8
      10
       5
       6
      13
       7
      14
      11
       7
       7
       5
       1
       4
      10
      12
       8
      12
      10
       9
       8
       8
       5
       7
       8
      11
      10
       7
       8
       8
       6
       6
       8
       5
      11
      10
       5
      10
       9
      10
      13
       8
       8
       7
      14
      11
      11
       9
       5
       6
       5
      13
       9
      10
      10
       5
      12
       6
       5
       9
      10
       4
       6
      11
       9
       6
      10
      11
      10
       5
      10
       7
       9
       6
       6
       8
       6
       7
       4
      10
       6
      14
       6
      13
       9
      10
       6
      10
       8
       9
       2
       6
      10
      14
      10
       9
      17
       7
       3
       9
       9
       8
       5
      12
       6
       6
      12
       7
       9
       9
       4
       9
      10
       9
       9
       7
      13
       8
       7
       9
       7
       6
       3
       9
       8
       9
       4
      12
       7
       5
       8
       6
      14
       8
       8
       3
       7
      14
       9
       7
      10
       7
      12
       6
       6
      12
      10
       4
      12
       6
       7
       8
       9
      14
       7
       5
       8
       4
       7
       8
       6
      14
       7
       3
      10
       4
       4
       0
       7
       7
       5
       4
       8
       8
       4
       8
      10
       8
       9
      11
       9
      16
       9
       7
       6
       9
       8
      12
       9
       8
       7
       8
      16
       5
       9
       6
      13
      11
       5
      10
       9
      15
      11
       7
      11
      10
       5
       7
      14
      12
       7
       8
       5
       5
       4
      11
       8
       8
       6
       7
       9
       8
       8
      10
      10
       6
       9
      13
       7
       4
       3
       6
      15
       8
       7
       8
      10
       7
       8
      10
       6
       5
       7
       6
      13
       8
      11
       9
       8
       8
       6
      10
       5
      11
       7
       8
      10
       5
       9
      15
      13
       8
       8
       7
       7
      11
      12
       8
       5
      15
       7
      10
      10
       5
      10
      12
       4
       7
       6
       8
       8
       9
      10
      13
       9
       9
       8
      13
       6
       7
       9
       7
       7
       8
      12
       8
       6
      11
       8
       9
      10
      11
      10
      16
      13
       9
       7
       8
       4
      12
       8
       9
      13
       6
       5
       8
       8
       5
       8
      16
       6
      13
      10
      12
      11
      10
       7
       8
       6
       9
      10
       9
       6
      11
       8
       5
       7
      10
      15
       9
       5
       9
       5
       3
       4
       5
      11
       7
      15
       5
       9
       8
      10
       8
      15
      11
       5
       4
      10
       3
       4
      10
      13
      11
       6
       8
       6
       5
       4
       9
       9
      14
       5
      13
      10
      14
      10
       7
      15
       6
      10
      16
      10
      10
      10
       5
       7
       8
      10
       9
       8
      13
       5
      10
       9
      10
      11
       4
       9
       7
       5
       5
       8
      12
       6
       8
       9
       6
       7
       9
      11
       7
      11
       5
       4
      12
       6
      11
       7
      12
       9
       6
       7
      10
       8
       3
      12
      11
       8
       8
       8
       7
       9
      13
       6
      11
      10
      10
       7
       4
      10
       8
      14
      10
       5
      10
      11
      11
      16
      11
      16
      10
       8
      12
       8
      14
      11
       9
       5
       6
       7
      12
       9
       8
      13
       9
      11
      13
       9
       9
      11
       9
      10
       9
      13
      10
      15
      15
       8
      16
       7
       4
      13
       8
      10
      13
       9
      15
      10
      13
       9
       7
      16
      12
      13
      11
       8
       9
       9
       9
       8
      10
      12
      12
      11
      14
       8
      10
      17
      13
      12
       8
       8
      12
      13
      13
      16
       9
       9
      14
      13
      11
      10
       8
       8
      10
      17
      12
       8
       8
      11
      10
      14
      13
      11
       5
      10
      13
      10
       7
      10
       7
      11
      11
      16
      10
      10
      13
      11
      12
       8
       6
      12
      10
       8
       9
      19
      12
      12
      15
      11
      10
      10
      14
      13
      12
      14
      11
      12
      11
      11
       8
      12
       8
       7
       7
      10
       6
      12
      13
      10
      12
       7
       8
      15
      13
      12
      10
      12
      10
      13
      11
      14
      13
      10
      17
      10
      10
      21
      10
      15
      10
      19
      11
      12
      15
      11
      11
       7
      20
      14
      11
       8
      12
      11
       8
      12
      13
      22
      17
      15
      16
      13
      11
       9
      15
      14
      14
      11
      19
      15
      12
      15
      18
      16
      14
      16
      11
      12
      13
      26
      17
      23
      15
      21
      25
      19
      18
      21
      14
      25
      14
      20
      20
      20
      16
      22
      18
      21
      28
      20
      27
      21
      23
      13
      21
      17
      19
      18
      19
      31
      36
      24
      20
      18
      26
      23
      27
      36
      28
      32
      32
      28
      26
      38
      37
      37
      43
      33
      37
      27
      32
      30
      29
      38
      30
      34
      47
      33
      51
      45
      43
      47
      44
      58
      52
      60
      55
      57
      56
      80
      94
      90
      71
     107
      77
      94
     118
     113
     129
     154
     154
     153
     202
     225
     216
     242
     235
     286
     357
     344
     378
     430
     495
     481
     546
     636
     638
     748
     833
     881
     949
    1059
    1211
    1327
    1441
    1631
    1644
    1767
    1992
    2119
    2415
    2608
    2776
    2941
    3251
    3583
    3947
    4166
    4511
    4749
    5213
    5459
    5943
    6284
    6754
    6980
    7581
    8138
    8603
    8996
    9495
   10130
   10573
   11121
   11895
   12253
   13028
   13298
   14041
   14596
   15494
   15792
   16365
   17097
   17695
   18127
   18757
   19204
   20090
   20522
   20949
   21211
   21855
   22552
   23156
   23298
   23448
   23890
   23940
   24274
   24760
   25034
   25092
   25258
   25330
   25532
   25623
   25744
   25757
   25442
   25420
   25305
   25104
   25119
   24564
   24804
   24442
   24141
   23910
   23527
   22935
   22813
   22133
   22016
   21672
   21018
   20926
   20402
   20045
   19749
   19082
   18481
   18136
   17791
   17303
   16874
   16329
   15912
   15714
   14969
   14522
   14111
   13723
   13482
   12913
   12436
   11983
   11553
   11302
   10919
   10689
   10221
    9956
    9409
    9079
    8726
    8508
    8199
    7932
    7763
    7345
    7248
    6998
    6731
    6499
    6066
    5993
    5736
    5566
    5415
    5286
    4980
    4912
    4771
    4493
    4407
    4261
    4101
    4009
    3961
    3674
    3574
    3493
    3367
    3189
    3092
    3071
    2877
    2756
    2783
    2659
    2586
    2483
    2479
    2341
    2357
    2198
    2132
    2121
    2036
    1990
    1929
    1895
    1764
    1763
    1687
    1593
    1604
    1546
    1474
    1419
    1420
    1306
    1334
    1318
    1290
    1218
    1211
    1187
    1132
    1080
    1115
    1080
     998
    1009
     944
     918
     929
     877
     927
     819
     800
     790
     833
     823
     746
     678
     693
     705
     697
     736
     656
     647
     589
     627
     594
     567
     520
     544
     504
     531
     493
     519
     462
     420
     455
     475
     452
     446
     422
     383
     405
     417
     426
     365
     386
     371
     334
     372
     340
     322
     338
     326
     342
     336
     275
     290
     321
     293
     276
     270
     267
     285
     233
     280
     305
     246
     262
     246
     251
     223
     220
     209
     240
     199
     231
     213
     224
     190
     227
     207
     165
     163
     193
     198
     176
     174
     169
     181
     181
     162
     175
     129
     170
     139
     167
     136
     148
     136
     150
     142
     137
     129
     124
     117
     120
     128
     123
     126
     117
     112
     104
     128
     115
     112
      88
     114
     117
      98
      98
     103
      86
      97
     112
     100
      98
     101
      91
      70
      87
      90
      82
      90
      85
      72
      67
      73
      85
      85
      81
      66
      76
      77
      69
      56
      87
      56
      69
      65
      62
      40
      59
      65
      61
      67
      57
      73
      57
      56
      67
      73
      47
      48
      52
      44
      36
      61
      38
      44
      41
      43
      51
      59
      47
      46
      42
      44
      44
      45
      54
      37
      48
      44
      37
      34
      41
      46
      36
      35
      35
      49
      37
      45
      38
      40
      46
      29
      37
      38
      23
      27
      33
      35
      45
      30
      33
      28
      36
      25
      33
      33
      33
      33
      39
      29
      24
      36
      35
      32
      30
      29
      28
      27
      24
      24
      22
      30
      34
      29
      25
      33
      14
      19
      25
      31
      21
      21
      31
      19
      23
      34
      23
      26
      27
      14
      23
      29
      23
      29
      33
      31
      26
      17
      25
      29
      22
      35
      28
      23
      17
      17
      23
      17
      26
      23
      23
      36
      22
      24
      20
      21
      25
      24
      17
      20
      22
      23
      23
      16
      12
      22
      21
      26
      15
      23
      20
      13
      24
      20
      12
      16
      20
      15
      18
      12
      17
      15
      11
      18
      19
      24
      18
      19
      11
      14
      16
      20
      16
      17
      22
      18
      26
      12
      15
      19
      18
      20
      13
      10
      17
      14
      23
       8
      20
      13
      11
      16
      17
      20
      12
      14
      11
      17
      13
      12
      17
      13
      16
       9
      14
      19
      14
      17
      20
      13
       8
      19
      17
      15
      18
      15
      10
      11
      10
      16
      18
      12
       8
      14
      13
       9
      16
      11
       8
      19
      12
      15
      12
      18
       9
      15
      19
      17
      14
      11
      18
      16
      18
      13
      13
      17
      13
      13
      16
      13
      12
      12
       6
       9
      17
      14
       2
      13
      15
       9
      12
      10
      13
       7
      18
      15
       7
       6
      15
      12
      14
      11
      11
       9
       9
      15
       6
      12
      20
      11
      12
      12
      10
      12
      10
      10
      10
       8
       9
      10
      14
      10
      11
       9
       5
      12
      12
      10
      15
      17
      13
      13
       9
      12
       7
       7
      16
      10
      13
      10
      13
      16
      16
       6
       9
      10
      11
      14
      18
      11
      12
      15
      11
      11
       5
      10
      14
      10
      12
      17
      15
      16
      10
      18
      12
       8
      10
       6
      11
      13
      10
      14
      11
      11
      15
       9
       9
      10
       9
      11
      13
       9
      14
      14
       9
      10
       9
       6
       9
       5
       7
       9
      10
       8
      10
      10
       8
      15
      12
       9
       4
      10
       8
      11
       8
       9
      12
       9
      15
       7
       5
      12
      15
      12
       7
      15
       9
       8
      11
       8
       2
      13
       8
       6
      11
      13
       9
       7
       9
       9
       7
       8
      13
      14
       7
      10
       9
      12
       5
      10
      14
      11
      13
       7
       9
      12
      17
      18
      13
      12
       6
       7
      11
       8
      11
      12
      10
       7
       9
      17
       9
      11
      12
       7
       9
       6
      12
      12
      10
      12
      14
      12
       6
      10
      11
      14
      13
      10
      13
      15
      13
       8
      16
      10
       8
       8
       9
       6
       9
       7
       4
      11
       7
      12
       7
       8
      10
      12
       5
      11
      14
      14
       7
      17
      12
      11
      12
       9
      12
      12
      11
      11
      11
       8
      15
       8
      10
      13
       5
       7
      18
       9
       7
      10
      10
      16
      10
      12
       4
      13
       5
       6
       8
       7
      14
      15
      15
       3
      11
      11
       7
       8
      10
      13
      11
      10
      12
      11
      11
      11
       9
      10
       9
      18
       9
      10
       9
       9
       8
      10
      11
       6
       9
       7
      13
       6
       7
      12
       9
       9
       9
      11
       7
      10
       7
       8
      14
       9
       8
       8
      10
      11
      14
       7
       5
       8
      13
      10
       6
      14
      10
       8
       9
       7
       7
       5
      16
      11
       4
       9
      11
      13
       8
      10
      16
      10
       5
      14
       9
      12
      15
       5
       7
       7
      12
      11
      13
      11
      10
       8
      10
       8
      11
      12
      11
       7
       7
      10
       8
       6
      16
       6
       9
      11
      13
      15
      10
       5
      12
      10
       6
       9
       8
      11
       6
       9
       4
       8
       8
      14
       6
       6
      11
      12
      17
      13
       8
      14
       8
       6
       8
      12
      10
       8
      11
      15
       5
       8
       5
       9
       6
       8
       3
       7
       7
       6
      11
      14
       3
       7
       6
       8
       6
       4
      10
       7
       6
      17
       9
       9
       5
      11
       8
      11
       8
       7
       8
       7
       8
       7
      11
      12
       7
      10
      11
       8
      10
      13
      18
      10
       6
       6
      16
      10
      14
      10
       8
       8
       9
      11
       7
       8
       9
      10
      11
      10
       5
       9
      13
      10
      13
      13
      14
       7
       8
       8
       4
      11
       7
       9
       5
      13
      12
      12
       6
      12
       4
       6
       6
       8
      14
       9
       5
      14
      11
       5
       6
       4
      11
       8
      10
       6
      13
       9
       9
       6
      11
       6
      11
      12
       5
       8
      10
      11
       4
       7
      10
      16
      10
      11
      12
       6
      14
      12
       9
       9
      16
       8
      10
      13
      12
      10
      13
       7
      10
      11
      14
       9
       3
      13
       6
       8
      12
       8
      11
       8
      10
      10
       9
      10
       9
      10
       9
       7
       8
       9
       8
       9
      10
       7
      11
      10
       7
      12
       9
       8
       7
       8
      10
       4
      13
       8
       9
      14
      13
      10
      10
      13
       8
       9
      14
      10
       9
       9
       8
       7
       9
       5
       8
       5
       5
       9
       9
       8
      10
       6
       8
       8
      11
      12
       7
      11
       8
      10
       9
      14
       5
       9
       8
      10
       6
      10
      12
       7
       8
      11
       8
       9
       7
      11
       8
       8
      11
       8
       8
       6
       6
       7
      10
      10
       7
       9
       8
       8
       6
      14
      10
       5
       8
       9
       8
       7
       6
       8
       9
      12
       5
       3
       6
       9
       7
       9
      10
      10
       7
       7
       4
      14
       6
       8
       8
      10
       7
      12
       7
      15
       9
       7
      14
       9
       2
       8
      11
       7
       8
       6
       5
       9
      12
       7
       5
      11
       9
      11
       9
       8
      11
      11
       7
      11
       8
       7
      10
       9
       7
       9
       9
      11
       8
      10
       9
      12
      12
      11
       8
      10
      13
      12
       5
      10
       8
      10
      15
       9
       9
       8
       8
       7
       8
       7
      10
       8
       9
       8
      10
      13
       8
      10
       8
       7
       9
       8
      10
      10
       7
       5
       9
      10
      13
      11
       6
       8
       7
       7
       9
       5
       6
      11
       8
       9
       8
       6
      10
       7
       7
      11
       7
       6
       6
       4
      11
      14
       7
      14
       7
       7
      13
      10
      10
      11
       6
       4
       5
       9
       8
       6
      12
      12
       8
       7
       7
       8
      10
       8
       8
       9
       8
       9
      10
      10
       9
      12
       8
      14
       7
       3
      12
       9
       7
      15
       7
       9
      10
      13
      10
       9
       8
      11
      12
       5
       5
       1
       6
       7
       7
       9
      11
       7
       7
      11
      10
       4
       7
       8
       8
      13
      12
       8
       9
      12
      11
      12
       9
       9
      11
       8
       9
      14
       9
      10
       8
       8
       6
       7
      10
       8
       9
       9
       7
       9
       8
      14
      10
       2
       7
      12
       9
      13
       8
       5
      10
      12
       6
      14
       8
       9
       9
       8
      10
       9
       7
      10
       8
       9
      13
       7
      10
      18
       7
       9
      12
       7
      13
      15
      14
       7
       5
      11
       8
       3
       9
      15
       7
       7
       8
       8
       7
       8
      11
       7
      12
       8
      11
       8
      11
       7
       9
       8
      15
       8
      13
       9
       7
       6
      12
      10
       9
       4
       6
      17
      10
      11
       5
       7
      12
       9
      13
      11
      11
       4
      10
      10
       7
       6
      10
       9
       9
      10
      10
      10
       6
      11
       9
       7
      14
       8
       8
      10
       9
       9
       9
       6
       3
       9
      10
       6
       8
       7
      11
       4
       9
       6
      10
      15
      10
       5
      17
       5
       8
      10
       7
      12
       9
       7
       7
       6
       5
       4
       4
       9
       7
      11
      11
       9
       8
      12
       3
      13
       6
       5
       9
       9
       7
      10
       3
       8
      16
      10
      11
       5
       9
      13
       6
      10
       8
       8
       9
       8
      10
       9
       4
       9
       8
      15
       3
       9
      10
      10
      10
       8
       8
       6
      12
      10
       5
      15
       8
       7
       4
      10
       7
       6
      11
       5
      15
      10
       6
       6
       8
       8
       7
      10
      10
      12
      10
       9
      10
       5
       9
       7
       8
       7
       4
       7
       5
       6
       3
      11
       4
      10
      12
       7
       7
       8
       3
      14
       5
      10
      12
       6
       9
       4
      12
      10
      11
       9
       7
       8
      11
      11
       7
      10
       7
       8
      17
       9
       5
      18
      13
       3
       5
       7
      10
       9
       7
       7
       5
       9
      14
      11
       9
       4
       9
       5
       6
      11
       5
      12
      10
       7
      10
       9
       7
       8
       8
       5
       7
       4
      12
       8
       9
      11
       8
       7
      13
       7
      12
       5
       9
      13
      10
      13
      13
       8
       6
      10
      12
      11
      12
       7
       8
      11
      11
      12
      11
       8
      10
      11
       9
       8
       9
       5
       6
       7
      11
       9
       6
       6
      12
       7
       9
       8
      10
       7
       7
       9
       9
       7
      12
       9
       8
       6
      12
       8
      13
      10
      14
      11
      11
       6
       7
      11
       6
      12
       9
      10
       9
       6
      11
       9
       7
      11
       6
       8
       9
       7
       7
      12
       8
      20
       6
       7
       7
      12
      11
       8
      12
       9
      10
       7
      10
       7
       7
      12
       8
       5
       8
       7
       8
       5
       9
      13
      10
      11
      11
      10
       9
      10
       5
       5
      10
       8
       7
       6
       9
      10
      15
      10
      12
       6
       9
       5
       9
       6
       6
       9
      11
       8
       7
       9
      13
       5
       7
      10
      12
       9
      10
       6
      11
       9
       7
       8
       8
       6
       8
       8
       6
       6
       8
       7
       9
      10
      10
       6
       5
       7
       5
       6
       9
       7
       4
       6
      15
      11
       6
       5
      14
       3
       9
       8
       5
      11
      10
       9
       5
      10
       7
       6
       6
       4
      10
      10
       9
       7
      10
       4
       7
       7
       9
       7
      11
       5
       7
       7
       5
      11
       7
       8
      10
       8
      13
      11
      10
      12
       9
       5
       8
       9
       9
      14
       4
       3
      10
       5
       9
       4
       9
       4
      11
       7
       6
      11
      16
       8
       7
       9
       7
       6
      14
       8
       9
      12
      12
       8
      12
       4
       6
       9
      16
       8
       9
      10
       7
       5
       3
       5
       7
      11
      10
      13
      10
      11
       7
      12
       9
       9
       8
      12
       5
       7
       8
       9
      11
      15
       9
       8
      10
      14
      11
       7
      15
       3
       7
      10
       6
       7
      14
      11
      10
       5
       7
      10
      10
       7
       8
       2
      14
       6
      11
       2
       5
      10
       3
       9
       7
      14
       9
       6
       9
       6
       6
      16
       6
      11
       7
      11
      11
       9
       8
      11
       5
       8
      10
       6
      12
      10
       6
      12
       7
       9
       9
       6
      13
      10
      11
       2
       9
       4
       4
       8
      11
       4
       9
       5
       8
       3
      10
      13
       7
      11
       8
       9
       5
       8
      14
       9
       6
       9
       9
      12
      11
       8
       9
       8
       6
       7
       6
       8
       8
       7
       3
       7
       9
       6
       9
       3
       8
       9
       8
       7
       4
      13
       8
       9
      12
       7
       6
       5
       5
      11
       7
       5
      14
       4
       6
       7
      10
       9
      10
       9
      11
      12
      10
       9
       5
      13
      14
       6
      13
      10
       9
      11
       9
       7
       3
       9
       9
      13
       9
       8
       7
       8
      10
       9
      11
      10
       9
      11
       5
       6
       8
       8
       7
       6
      11
       7
      13
       7
       9
      10
       9
      12
      11
       9
       7
      15
       5
       1
      14
      10
       4
      13
      13
      10
       7
       6
      11
      11
       8
       5
      11
       7
       9
       6
       7
      12
      13
       9
      14
      11
       3
       3
       5
       5
      12
       4
       9
       7
      11
      14
      11
      12
       6
       8
       3
       6
       3
       5
       7
       7
       9
       5
       3
       7
       9
      16
       7
       6
       3
       6
       1
       7
      13
       7
       8
       3
      11
       7
       7
       5
       2
      10
       9
      10
       9
       9
      10
      10
      10
      10
       6
       6
       8
       6
       6
       9
      11
      12
       6
      13
      11
       9
       7
      10
       6
       5
       6
       2
       9
       9
       6
      11
       4
       7
       8
      10
       7
      10
       9
      10
       5
       7
       7
       9
       7
       7
      13
       9
       5
       8
       7
       6
      12
       4
       9
       6
       5
      11
       8
      12
       4
       6
       6
       6
      11
      12
      11
      11
       3
       5
      11
      11
      12
       6
       9
       7
       7
      11
       9
       6
      14
       8
      11
      13
      12
       5
       9
       7
       6
      11
       7
       5
       7
       9
       6
       9
      11
      10
       9
      10
       5
       7
       8
       6
       8
       7
       3
       7
       3
      12
      10
      10
       8
      12
       7
       5
       8
       7
      12
       9
      11
      12
       7
       8
      17
      10
       6
       4
      14
       8
       6
      11
      11
      10
       6
       6
       8
      14
       9
       9
       7
       3
       8
       5
      11
       8
       7
      11
       6
       8
      11
      11
       4
      11
       7
      10
       8
      10
      10
       7
       9
       8
       7
       7
       8
      11
       6
       9
       8
       9
       6
       9
       8
      12
       7
      12
      10
       5
       5
      14
       7
       9
       5
       4
      11
      10
      12
       7
      10
       8
       6
       6
       6
       7
      11
       8
      10
      11
       5
      10
       6
       6
       9
       7
      10
       9
       6
       8
      11
       9
       7
       4
       8
       6
      10
       6
       7
      10
       5
      14
      12
       5
       8
       7
       5
      10
      11
       9
      13
       9
       8
       6
      12
      11
       8
       5
      12
      12
       9
       9
      10
       5
       4
       5
       9
      10
       9
      13
      12
      11
      11
      11
       8
       9
      14
      10
      10
       9
       9
      10
       8
       5
      12
       9
       7
      11
       9
      12
       9
       6
       5
       4
       5
       7
       2
       6
      12
       8
       5
       8
      10
       8
      10
       8
       7
       5
      10
       7
       7
       8
       7
       7
       6
      10
      11
      10
       5
       7
       8
       9
      11
       9
      10
      12
       8
      12
       9
      14
      11
      13
      10
       9
       4
      11
       7
       9
       6
       6
       6
       8
      13
      10
       5
       6
       7
       9
       7
       6
      11
       7
      11
       8
      10
       7
       8
       9
       7
       9
       7
       6
       8
       8
       8
       8
      10
       8
       7
       9
       8
      16
       8
      11
       6
       6
       8
       8
       4
       9
       9
       6
       8
       7
      11
      10
       9
       8
       6
       9
      10
      11
      12
       7
       2
       9
      13
       6
       6
       5
      12
       4
       7
      10
       8
       7
      11
       5
      13
       6
       5
       6
      13
       7
      10
       9
      13
       6
      10
      10
       9
      10
       7
      11
       8
       6
       7
      11
       5
       8
      11
       8
       9
      12
      10
       9
      10
       5
       7
       8
       8
       8
      10
      10
      12
       8
       4
      11
      11
      11
       6
       9
      15
       6
       7
       7
      10
       9
      12
      10
       8
       7
       7
      15
       5
       9
      14
       6
       8
       4
       6
       9
      10
       6
      12
      13
       7
       5
       9
       8
       6
       7
       4
       6
      11
       7
      14
      13
      11
       7
       8
      14
       9
      11
      17
       5
      10
       9
       7
      10
       6
      11
      11
       9
       7
      14
       8
       7
       7
       8
       8
       8
      14
       9
      11
      10
      11
      10
      10
      12
       9
      15
      11
       4
      10
       8
       9
       9
       9
       9
       3
      13
       6
      11
      11
      14
       8
       8
       6
       7
       4
      10
       6
       8
       9
       4
      10
       9
       7
       7
       6
       7
      11
      12
       8
       5
      11
      13
      11
       4
       7
       8
       8
      13
       7
       6
      13
      13
       7
       9
      14
       8
       9
       9
       3
       6
       2
       6
       5
       6
      15
       8
       6
       9
       6
       9
       7
      10
       6
       3
       8
       8
       9
      14
       9
       9
       9
       7
      12
       8
       6
      11
      13
       9
      13
      12
      10
      13
      10
       7
       7
       8
       8
      10
       7
       3
       8
       6
       8
      14
       6
       6
       7
       5
      11
       3
       5
      10
       9
      12
       7
       6
      14
      14
       9
      11
       9
       4
      14
       7
       9
      13
      11
      12
       7
      12
       7
       7
      10
       7
       8
      10
       9
       6
       6
       7
      10
      10
      10
       8
       8
       8
      14
       6
       4
       7
       8
      11
      10
      10
       7
       9
      14
       6
       9
      13
       7
       8
       9
       8
       9
       4
       7
       9
      11
       4
      12
      14
      11
       5
      11
       5
      10
       9
       5
       7
       4
       6
      12
       4
       8
      10
      13
       5
       9
       5
      11
       7
       9
      14
       8
      11
      12
      10
       9
       6
      15
       7
       9
       9
      10
       6
       8
       9
       9
       9
       8
       7
      13
      16
       8
       9
       6
      10
       9
      10
      11
      10
      12
       8
      10
       7
      15
       9
       7
      13
      11
       6
       8
       8
      14
       7
      13
       9
       8
       8
       9
      11
       9
      12
       3
       6
      10
       9
       9
      10
       3
      10
      11
      11
      13
       8
      11
      11
      13
       6
       8
      11
      11
       7
       8
       8
      13
       7
       8
       5
      11
       5
       6
       6
       5
       7
       6
       6
       9
       4
       9
      10
       7
      12
       6
      10
       7
       8
      16
       4
       4
       4
       4
       8
       6
       5
       7
      18
       9
      12
       6
       5
      13
       6
      11
      10
      10
       8
      13
      10
      11
      12
       7
       8
      10
       5
       5
      11
       7
      18
      12
      17
      10
       7
      12
      10
       7
      10
       9
       6
       4
      10
       8
       9
       4
       8
       6
       8
      12
       6
       8
      11
       7
      10
      10
       6
       6
       9
       7
      13
       8
       4
      11
      13
       4
       8
       5
       8
       9
       1
       7
      12
       8
      16
      10
       5
      12
       7
      12
      14
      11
       9
       6
       7
       7
       6
      10
       2
      15
       7
      11
       9
       5
       9
       9
       8
       4
      10
      12
      14
       5
      10
      16
       9
       9
       7
      12
       8
       4
      11
       8
      18
       7
      12
       7
      11
       5
      10
       9
       4
       8
      13
       6
      10
       5
      14
       9
       6
       9
       8
       6
       7
      12
       8
      13
       9
       7
       8
       9
      15
       7
       4
       6
       5
      13
       8
      13
       7
       7
      10
       9
       7
       8
      14
       9
       7
       8
       8
       3
       7
       6
       5
      16
      10
       7
      10
       5
      13
       4
       4
      12
       4
       7
       8
       8
      10
       5
      10
       8
       7
      14
      10
      15
      10
      10
       7
       6
       7
      15
       8
       5
      13
      11
       9
       4
       6
      16
       5
      14
      13
       7
       1
       8
      13
       8
       8
      14
      10
      10
       9
      13
       5
       5
       5
      10
      10
      14
       8
       5
       8
       9
       6
       5
       6
       3
      13
       2
       6
      11
       8
       7
       3
       7
      16
       9
       9
      16
       8
       9
      14
       4
       2
       5
      10
       8
      10
       8
       4
       9
      14
      10
       7
      11
       8
       5
       9
       6
       5
       7
       6
       5
       5
      10
       7
       8
       8
       7
       3
       9
       7
       9
      11
      12
       7
       5
       8
       8
       5
       9
       8
      14
       8
      10
       6
       7
      13
       5
       6
       6
       8
       9
      12
      11
      11
      11
      13
       9
       7
       8
       8
       7
       8
      10
      12
      12
       9
       6
       8
       7
       7
       7
      11
       9
      12
       5
      10
       9
      10
       6
       7
       9
       8
       9
       5
       7
      13
       5
      10
       9
       5
       8
       6
      10
      10
      15
      13
       6
      10
       8
       8
       6
      13
       9
      13
       4
       9
      10
      12
       7
      10
       7
       9
       6
       7
      11
      10
      15
       5
      10
       6
       8
       5
       1
       6
       9
      16
      12
      13
       5
      13
       2
       8
      10
       5
       6
      11
      14
       5
      13
      12
       6
      11
      11
       5
       6
       8
       5
      11
       7
       8
       9
      10
      13
      10
       8
       9
      10
       8
      10
       5
      12
       4
      10
      12
      10
      17
      11
      14
      15
       8
       7
       7
       7
      12
      12
       5
       4
       8
       7
      12
       8
      10
       7
       8
       6
      10
       7
       7
      11
       8
      13
       4
      10
       8
       9
       8
      10
      10
       3
       8
       5
       9
       8
      15
       8
       3
       3
      11
      11
       8
       6
       9
       6
      10
      11
      10
       3
       9
      10
       8
       5
      11
      12
       9
       6
       4
       6
       5
       2
      10
      11
      15
      11
       8
       7
       9
      11
      10
       7
       9
      14
      15
       8
       9
       8
       8
      13
       8
       8
       9
       9
       5
      16
       7
      10
      11
      11
      10
       9
      16
       5
       9
       5
      12
       4
       6
       7
      10
       6
      13
       9
      10
      12
       7
       7
       8
       8
       3
       9
       9
       7
       7
      14
      10
       4
      10
      11
       7
      13
       7
      11
       7
      16
       8
       8
      14
       6
      10
      12
       9
      14
      10
      11
      13
      11
      15
       8
       5
      10
      17
      10
       5
       7
       9
       6
       7
      15
      10
      11
       8
       9
      11
       5
      13
       4
      13
       8
      13
       9
       4
      10
       7
      19
       9
       7
      12
      16
       9
       9
       8
       8
      13
      11
       6
       4
      10
       7
       8
       9
       7
      13
       9
      10
       9
      11
       7
      12
       8
       9
       9
       6
       9
       8
      10
       8
       9
      14
       6
       9
       7
       5
      10
       6
       6
       4
      12
       5
       6
      13
       1
      11
      11
       8
      10
      12
       4
      10
       6
      10
      12
      10
      11
       8
       4
       4
       2
       6
       8
       5
       9
      10
       7
       9
      14
       8
      10
       9
       7
      12
       2
       8
      11
       6
       6
       6
      11
       8
      11
      10
      15
       5
      11
       4
      16
      15
       6
      16
      10
       7
      13
      11
      10
       8
       7
       7
       6
       6
       6
       8
       8
       9
      10
       7
      11
       5
       8
       6
      11
       5
       3
       4
      10
       3
       7
       9
       5
      10
       8
       6
      10
       5
       3
      16
      10
       8
      15
      10
       9
       8
       9
       9
      11
       5
      11
      10
      11
       6
      10
       6
      10
      10
       4
      11
       6
      11
       3
       7
      12
       9
       8
       9
       8
       4
       7
       4
       9
      10
       4
       7
       7
       8
       8
       4
      15
       5
      11
      10
       3
       5
       6
      18
      10
       8
       8
      10
      13
       9
       8
       7
       7
       8
       4
       3
      10
       8
       7
      10
       8
       7
       6
       7
       6
       7
       7
       7
       3
       4
       4
       8
       9
      15
      11
       5
       9
       7
       8
       7
       9
       3
      11
       6
      11
      10
       9
       8
       9
       5
       6
       7
      14
       9
      14
       9
       9
      11
       3
       7
      10
       8
       8
       5
       9
      10
       8
       7
       5
      13
       9
       8
      11
      10
       8
       6
       9
       8
      10
       6
      11
      13
      14
       8
       5
      13
       7
       8
      10
       6
      11
       3
      10
       7
      14
      11
       7
      11
      10
       7
       9
      10
       3
       6
       7
       9
       8
       8
      11
       9
       8
       9
       7
      13
      14
       8
      11
       8
       8
      13
       6
       8
      10
       9
       7
      14
      11
       7
       9
       6
       7
       8
       9
       8
       4
       4
       8
      12
      14
       7
      11
       9
      10
       5
      10
       9
       4
       5
      13
       9
      12
       4
       7
      14
      12
      11
       6
       5
       6
       3
       8
      10
       8
       6
      11
       8
       7
       4
       9
      15
       9
      15
       9
      13
       8
       8
      11
      14
      13
       8
       8
       7
       7
       9
      13
       7
       6
      10
       2
       4
      11
       9
      10
       5
      10
       7
       6
       6
       9
      12
      10
      14
      11
      17
       8
       2
       6
      10
       8
      12
       5
      10
       6
      10
      14
      10
       6
      11
       4
       7
       4
       3
       9
      12
       7
       7
      11
       6
      13
       6
       4
       5
       2
      14
      10
       7
      10
       7
      11
       9
      10
       4
       4
       7
       5
       8
       7
       7
       6
       9
       7
       7
      10
      12
      10
       8
      14
       9
       7
      12
       7
      10
       4
       7
      11
       7
       9
      15
      13
      12
       7
      11
       8
       6
       7
      12
       8
      12
      14
       8
      14
       9
      13
       8
       4
       4
      11
      11
       5
       6
      15
       7
      11
      13
       8
      10
       7
       9
       6
       6
       8
      12
       5
       8
      10
       5
       6
       9
      11
       9
       9
       5
       7
       9
      12
       7
       2
       9
       6
      11
      10
      10
       9
      11
       5
       8
       6
       8
       6
       7
       4
       7
       9
       3
      10
       8
      13
       5
       7
       5
       5
       3
       8
      13
       7
      13
       5
      10
       6
       8
       8
       9
      10
       7
      12
       9
       8
      10
      10
      11
      10
       8
      10
       3
       4
      12
       4
       7
       8
       8
       8
      10
       7
       9
      13
       9
       6
      12
      12
       9
       6
       8
       7
       9
       7
       7
       9
       9
      14
      11
       4
       8
       9
      11
       4
      12
      13
       7
       5
       6
      10
       8
       6
      12
      13
       9
       7
       9
       7
       9
      11
      15
       5
       7
      11
       8
      10
       7
      11
       9
       5
      10
      12
      14
       6
       8
      11
       5
      13
       7
       9
       6
       8
      10
      10
       7
      13
       9
       5
       7
       7
       9
       8
      13
       5
       7
       3
      12
      10
       8
       9
      13
       7
      15
       5
      11
       8
       8
       5
       8
       4
      11
      10
       7
       3
      12
       9
       6
       9
       7
      10
       4
       8
       4
      10
      13
      10
      11
       8
       6
       9
      10
       4
       5
      10
      10
       9
      10
      15
      15
       9
       8
       6
       6
       9
       4
      10
      14
       4
       7
      14
      10
      10
      10
       9
       7
       4
       5
      10
      11
       5
       5
       6
       7
       9
      14
      10
       5
      10
       6
       6
      10
       7
       5
       6
      13
       6
       8
      13
       4
       9
       8
       7
       5
       9
       4
      10
       8
      12
       8
       7
       8
       9
      11
      12
       7
       9
      10
      11
      12
       7
      10
       9
      13
       9
      12
      12
       5
       1
       8
       7
       6
      14
       9
       7
      11
       6
      10
      11
       8
       9
       8
       8
       3
       7
       8
       6
       8
       8
       8
       8
      10
      11
       6
       5
       8
       8
      13
      11
       9
       9
       9
       3
      12
      10
       7
       6
       9
       9
      15
      13
       6
       6
       6
       8
       8
      11
       9
       5
       6
       9
       7
      13
      16
      10
      12
       5
       6
      13
       6
      14
       8
      14
       6
       6
       5
       5
      11
       8
      11
      13
       7
       8
       8
       9
       3
       8
       6
       9
       6
       4
       8
      12
      10
      10
      16
       7
       9
       7
       6
       8
      10
       5
       6
      10
       4
       6
       5
       8
       5
       9
      11
      11
      10
       6
       9
       5
      12
       6
      12
      10
      10
       6
       9
      11
       7
      10
       7
      10
       9
      11
      15
       6
      10
       8
       8
       7
      10
       6
      10
       8
       5
      10
       6
      10
       4
       6
       9
       8
      12
       8
       5
      11
      13
      11
      11
       8
       4
       9
      12
      13
      11
       9
       8
       6
       8
      11
      14
       8
       7
       5
       3
      11
       7
       6
       9
      11
      11
       9
       8
      10
       5
       9
       9
       4
       8
      12
       8
      12
      10
      13
       8
      11
       5
       6
       4
       5
       8
      10
      10
       6
       6
      12
       6
       7
       7
       8
       9
      13
      11
       9
      12
       9
      10
      11
       6
       3
      10
       2
      11
       3
      10
       6
       5
       5
      12
       8
      11
      12
       8
       9
      10
      13
       8
       4
       4
       9
      13
      10
       4
       9
       2
      14
       9
      16
       7
       8
       4
       5
      10
       6
       6
       8
       9
       5
       5
       9
       3
       5
       7
       6
       5
       8
       6
      14
      10
       7
      12
       3
      11
       4
       9
       7
       8
      13
       6
       4
       9
      14
      11
      11
       8
       6
       7
      20
       2
      12
       7
      10
       9
       9
      14
       9
       8
       5
       8
      10
      13
       8
      11
       5
      14
       9
      10
      10
       9
      15
       6
       6
      14
      13
       7
      10
      11
       3
      12
       9
      10
      11
      11
      11
       6
      12
      10
       6
      10
       5
       9
       5
       6
      17
       8
       9
      11
       6
       8
       9
      12
      10
       9
       9
       7
      10
      11
       9
       5
      11
      12
       5
       7
      12
       8
       9
      11
       4
      11
      13
       5
       8
       9
      10
      10
       8
       9
       8
       6
       5
       8
       4
       9
       9
       9
       9
       6
       9
      11
       7
       7
       6
       8
      14
       8
       6
      10
       6
       5
       9
       9
      11
       3
       8
       8
      10
      11
       8
       7
       8
      12
       6
      10
       9
      10
       6
       7
      12
      13
       4
       6
      11
      14
       9
       8
       7
       6
      11
       9
       7
       5
      12
       4
       3
      12
      13
       9
       9
      13
       7
       7
       9
      11
       8
       6
       8
       8
      12
      11
       7
       9
       7
       7
       8
       6
       6
       6
       9
       8
       9
       9
       5
      12
      10
      12
       6
       2
       8
      13
       5
      12
       7
       7
       4
       6
       7
       8
       6
       6
       9
       8
       6
       6
       9
      12
       8
       6
       6
      12
       8
      11
      11
       7
       7
       6
       9
       7
       6
       8
      12
       8
       7
       9
       9
       7
      13
       9
       6
       5
       5
       9
       8
       6
      10
       7
       9
       9
      14
      11
      10
       5
      11
      17
      10
       9
       7
      12
       7
       7
       5
       4
      12
       5
       9
       6
      10
      10
       7
       9
      10
      13
       8
       8
      14
      10
      10
      10
       3
       9
       8
      10
       9
       6
       5
       6
       9
       8
       2
       9
       8
       8
       7
       7
      13
       5
       3
       6
       8
       9
       7
      16
       7
      12
      10
       9
       6
      10
      11
       2
      11
      10
      10
       8
       9
      11
      14
       9
      16
      10
       6
       8
       8
      12
      12
      14
       9
      12
      11
       7
       9
      11
       7
       6
      12
       6
      13
       6
       6
       8
       3
      10
       7
      11
       5
       8
       5
       8
      10
       7
      11
       7
       6
       7
       9
       7
       8
      13
      10
      11
       6
       6
       9
       9
       9
      15
      11
      12
       6
      10
      14
       3
       7
      11
       4
       7
      10
      12
       7
       9
       5
       8
      11
       4
       3
       3
      11
      10
       9
       4
      10
       5
       5
       7
      10
       5
       7
      11
      10
       4
      11
       9
      10
       8
       9
      10
       6
       8
       7
       6
      15
       5
       7
       7
       9
       5
       7
       4
       9
      12
       7
       8
      12
       4
       7
      12
       6
       7
      13
       8
       8
       5
       5
      15
       8
       7
       9
       7
      12
       6
      10
      10
       9
       9
       5
       6
       7
      11
       6
      12
      11
      11
       8
      10
       8
       7
       9
       8
      13
       9
       6
       9
       9
      10
      11
      10
       4
       7
       8
       6
       4
      14
      10
      14
      14
      13
      12
      10
      10
       6
       7
      11
       9
      14
       5
       6
       8
       8
      10
      13
      15
       5
      11
      10
      13
       8
       6
       2
       7
       7
       6
       7
      10
       9
       2
       7
       8
      14
      10
       6
      11
      10
       6
       7
       9
       6
      14
       7
       8
       6
       7
      14
       8
      14
      12
      12
       9
      13
      14
       6
       7
       4
      10
       8
      11
      11
       7
       9
       8
      10
       6
      16
       8
      10
      12
      12
       7
       9
       9
       7
       5
       8
      12
       8
       6
      11
       6
       9
      12
       9
       7
      10
       8
       8
       5
      11
       6
      10
      15
       7
       5
       7
      11
       9
       5
       6
       3
       4
       6
      10
      10
      10
      10
       4
      14
       8
      10
      11
       6
       7
      10
       7
       5
      13
       5
       7
      18
      12
      11
       6
      11
      12
       5
      13
       9
      11
       7
       4
       5
       8
       7
      13
       6
       4
      12
       9
       8
       8
       6
       9
      11
       6
       7
      10
       7
       9
       7
      12
       6
       8
      10
      10
       6
       3
      11
      11
      13
      11
       4
       9
       6
       8
      11
       6
       8
      10
       7
       8
       8
       8
      13
       8
       8
       8
      10
      13
       5
       6
      12
       6
       6
       9
       7
      11
       7
       7
       6
      11
       5
       8
      11
       9
       6
       9
       9
      12
      10
      11
      10
       9
       7
       6
      12
       4
       7
       3
       8
      13
       6
       8
       9
      10
      15
      11
       8
      10
       8
       6
      10
      13
      11
       7
       5
      12
       5
      13
      10
       3
       9
       8
       6
       7
       6
       7
       7
       8
       4
       7
       8
      16
      10
      13
       5
       7
       5
       1
       9
       8
       8
       7
       9
      13
       8
       9
      11
       6
       7
       4
       4
      13
      12
      11
       9
       5
       9
       6
       5
       5
      14
       5
       9
       7
       2
       9
       8
      14
       7
      12
       4
       9
       8
       6
      12
       5
       9
       5
      11
       7
       6
       6
      10
      10
       8
      14
       5
      11
       9
       9
       7
       8
       7
       6
       9
       9
       7
      10
       6
      11
      10
       7
       6
      10
      10
       5
      10
       9
       9
       8
       7
       9
       9
       8
      11
       9
       6
       8
       7
      10
       6
       9
       9
      10
       8
      13
       7
       6
      12
      11
       9
       8
       7
      12
       7
       5
       7
       8
       7
       6
       8
      12
       5
       8
       8
       9
       6
       9
       9
      12
       7
      10
      13
       7
      10
      12
      10
       8
       6
       6
       9
      16
      10
      11
       9
       9
       6
       7
       6
       4
       4
      11
       7
      11
      15
       7
      10
       4
       8
       9
       8
      11
       9
      15
      10
       6
       7
       7
       9
      11
       3
      11
       9
       9
       3
       6
       7
       8
       8
       8
       5
       9
      10
       7
      11
      11
      13
       5
       9
       7
       5
      10
      10
       6
       6
       6
       8
       5
      10
       7
       8
       9
       9
      13
      11
       6
      12
       6
      14
       9
       9
      11
      13
      14
      19
      26
      26
      23
      14
      20
      18
      23
      17
      14
      12
      19
      21
      18
      15
      17
      15
      19
      12
       9
      16
      13
      21
      20
      12
      11
      17
      16
      14
      15
      18
      20
      10
      12
      12
      13
      15
      13
      17
      10
      11
      11
      13
      11
      21
      12
      17
      13
      15
      16
      13
      14
      12
      14
      14
       8
      14
      12
       8
      11
      10
      17
      12
      17
       6
      14
      10
       5
       7
       9
       6
      10
      10
      11
       5
       8
      16
      10
       7
       9
       5
      10
       9
       6
      11
       8
      11
       9
       9
      12
       8
       2
      10
       6
       6
      12
       4
      13
       4
       5
       7
      11
       6
       7
       5
       3
       5
       4
       5
       9
       5
       6
       8
       4
       4
      10
       9
       9
       6
      12
       6
       1
       5
       4
       5
       7
       5
       3
       4
       4
       6
       4
       3
       3
       3
       4
       4
       5
       5
       1
       2
       4
       3
       2
       2
       3
       3
       5
       4
       5
       2
       1
       3
       4
       0
       1
       1
       3
       3
       3
       3
       5
       0
       2
       2
       2
       0
       0
       2
       0
       0
       0
       1
       1
       0
       0
       1
       0
       1
       0
       1
       0
$ROI:
1
100 8106
$PRESETS:
Live Time
14400
0
$ENER_FIT:
17.924391 0.174355
$MCA_CAL:
3
1.792439E+001 1.743549E-001 0.000000E+000 keV
$SHAPE_CAL:
3
8.021912E+002 0.000000E+000 0.000000E+000
